400.73647237070566 0.7260009101654497
400.4458848545533 0.7230911081456
401.32091978494896 0.7303643042424488
401.9050399609984 0.734873319315718
402.49112356621106 0.7385086084113669
403.0762254568421 0.742580760495826
403.66132734747316 0.746652912580285
404.2464292381042 0.7507250646647441
404.83153112873526 0.7547972167492032
405.41696025756016 0.7587237478373922
406.0033711009667 0.762213415936771
406.58847299159777 0.7662855680212302
407.17488383500427 0.769775236120609
407.7609674402169 0.773410525216258
408.40510310102127 0.7776568989151309
409.16874615022516 0.7816109834592435
409.87243916231296 0.7857985851784981
410.69498508641266 0.7899851397355325
411.57591030429785 0.7946371578995208
412.5204506270705 0.7974247037301425
413.3456144567211 0.8004462903170165
414.15683793931305 0.803060269009612
415.11357333877703 0.8070320680479525
415.7601087463364 0.8102105544408451
416.5833091468238 0.8141058670053394
417.17102894300575 0.8170130511196383
417.75776702460615 0.820357098222747
418.3438506298188 0.8239923873183961
418.92895252044985 0.8280645394028552
419.5130726964993 0.8325735544761244
420.0967565549569 0.8372767308777535
420.38559880074195 0.8409631782110434
420.9728822793321 0.8440645236537022
421.8551164499928 0.8481340578326104
422.8135971198241 0.8513292115575106
423.62482060241604 0.8539431902501061
424.5096726786277 0.8568477564588539
425.3953973900229 0.8593640000108818
426.28112210141813 0.8618802435629096
427.1668468128134 0.8643964871149373
428.0530078418005 0.8667185693386051
428.93916887078757 0.8690406515622728
429.8253298997746 0.8713627337859406
430.7114909287617 0.8736848160096083
431.5980882753406 0.875812736904916
432.48424930432765 0.8781348191285838
433.3708466509065 0.8802627400238915
434.25744399748544 0.8823906609191992
435.1436050264725 0.884712743142867
436.03063869064323 0.8866465027098146
436.9167997196303 0.8889685849334823
437.803833383801 0.89090234450043
438.6908670479717 0.8928361040673777
439.5774643945506 0.8949640249626855
440.46449805872135 0.8968977845296331
441.35153172289205 0.8988315440965807
442.2381290694709 0.9009594649918884
443.12559905123345 0.9026990632304761
444.01263271540415 0.9046328227974237
444.8996663795749 0.9065665823643714
445.7867000437456 0.908500341931319
446.67417002550815 0.9102399401699066
447.56207632486246 0.9117853770801343
448.4491099890332 0.9137191366470819
449.33701628838753 0.9152645735573095
450.22535890533374 0.916615849139177
451.1141378398717 0.9177729633926845
452.00378940959337 0.9185417549894719
452.8943136144986 0.9189222239295393
453.7844015018121 0.9194968541979666
454.675798341901 0.9194890004813139
455.5671951819899 0.9194811467646611
456.4599009748543 0.9188908090629282
457.35173413253506 0.9186887940179154
458.2440036078076 0.9182926176445425
459.13540044789653 0.9182847639278897
460.0281062407609 0.9176944262261568
460.9208120336253 0.9171040885244239
461.812645191306 0.9169020734794111
462.7066599369458 0.9157292517925981
463.599802047402 0.9149447527625052
464.4938167930419 0.9137719310756922
465.3882678562735 0.9124049480605191
466.2827189195052 0.9110379650453461
467.17673366514504 0.909865143358533
468.0716210459685 0.9083039990149999
468.9682536971593 0.9059662093580266
469.8640137131664 0.9040167423577734
470.7589010939899 0.9024555980142404
471.65204320444604 0.9016710989841474
472.5447489973104 0.9010807612824145
473.43701847258296 0.9006845849090417
474.3292879478555 0.9002884085356688
475.2224300583117 0.8995039095055759
476.1142632159925 0.8993018944605631
477.0074053264487 0.8985173954304702
477.900111119313 0.8979270577287373
478.7932532297692 0.8971425586986443
479.68639534022543 0.8963580596685514
480.57953745068164 0.8955735606384584
481.4735521963215 0.8944007389516454
482.36669430677773 0.8936162399215525
483.25940009964205 0.8930259022198195
484.15254221009826 0.8922414031897266
485.0478659085136 0.8904860975178335
485.87043364849285 0.8880518816730678
486.246430333244 0.8860099153433487
487.1391361261084 0.8854195776416158
488.02878769583003 0.8861883692384033
488.9188755831434 0.8867629995068307
489.80852715286505 0.887531791103618
490.69730608740304 0.8886889053571255
491.5860850219411 0.889846019610633
492.4744276388873 0.8911972951925006
493.36320657342526 0.8923544094460081
494.2511128727796 0.8938998463562357
495.1394554897258 0.8952511219381032
496.0277981066719 0.8966023975199707
496.9174496763936 0.8973711891167582
497.80841019889067 0.8975574967284654
498.7002433565714 0.8973554816834526
499.59294914943575 0.8967651439817197
500.48609125989196 0.8959806449516268
501.3783607351645 0.8955844685782539
502.2715028456207 0.894799969548161
503.1642086384851 0.8942096318464281
504.0573507489413 0.8934251328163352
504.9504928593975 0.8926406337862423
505.8431986522619 0.8920502960845094
506.7363407627181 0.8912657970544163
507.6290465555825 0.8906754593526834
508.52175234844685 0.8900851216509506
509.41445814131123 0.8894947839492177
510.30760025176744 0.8887102849191247
511.20161499740726 0.8875374632323118
512.0956297430471 0.8863646415454987
512.9909534414624 0.8846093358736056
513.8862771398776 0.8828540302017124
514.7824734734767 0.8807104018730991
515.6773608543001 0.8791492575295661
516.57137559994 0.8779764358427531
517.4645177103962 0.8771919368126601
518.3580961384441 0.8762132764542071
519.2508019313085 0.8756229387524742
520.1439440417647 0.8748384397223813
521.0375224698128 0.8738597793639283
521.9311008978608 0.8728811190054753
522.8251156435006 0.8717082973186623
523.7191303891404 0.8705354756318493
524.613581452372 0.8691684926166763
525.5084688331956 0.8676073482731431
526.4037925316109 0.8658520426012499
527.2991162300261 0.8640967369293568
528.1944399284415 0.8623414312574637
529.0897636268568 0.8605861255855705
529.985087325272 0.8588308199136774
530.8804110236874 0.8570755142417842
531.7757347221027 0.855320208569891
532.671058420518 0.8535649028979979
533.5663821189332 0.8518095972261048
534.4617058173486 0.8500542915542115
535.356593198172 0.8484931472106785
536.2519168965873 0.8467378415387853
537.146367959819 0.8453708585236123
538.0416916582343 0.8436155528517191
538.9370153566496 0.841860247179826
539.832339055065 0.8401049415079328
540.7276627534802 0.8383496358360396
541.6221138167118 0.8369826528208666
542.5170011975354 0.8354215084773335
543.4123248959506 0.8336662028054402
544.3076485943659 0.8319108971335472
545.2029722927813 0.8301555914616541
546.0978596736047 0.8285944471181209
546.99318337202 0.8268391414462277
547.8876344352517 0.8254721584310547
548.7833944512588 0.8235226914308016
549.6782818320822 0.8219615470872683
550.5736055304976 0.8202062414153752
551.4689292289129 0.8184509357434822
552.3638166097363 0.816889791399949
553.2595766257434 0.8149403243996958
554.154464006567 0.8133791800561627
555.0493513873904 0.8118180357126294
555.9442387682138 0.8102568913690964
556.8395624666292 0.8085015856972033
557.7348861650445 0.8067462800253102
558.6302098634598 0.8049909743534169
559.5255335618751 0.8032356686815239
560.4212935778822 0.8012862016812706
561.3161809587057 0.7997250573377376
562.2110683395292 0.7981639129942044
563.1063920379445 0.7964086073223113
564.0021520539516 0.7944591403220581
564.8974757523669 0.7927038346501649
565.7927994507822 0.7909485289782718
566.6881231491975 0.7891932233063786
567.5834468476128 0.7874379176344855
568.478770546028 0.7856826119625924
569.3740942444433 0.7839273062906992
570.2694179428587 0.782172000618806
571.164741641274 0.7804166949469129
572.0600653396892 0.7786613892750197
572.9553890381046 0.7769060836031265
573.8507127365199 0.7751507779312334
574.7460364349351 0.7733954722593404
575.6413601333504 0.771640166587447
576.5366838317658 0.769884860915554
577.4320075301811 0.7681295552436608
578.32820386378 0.7659859269150476
579.2239638797871 0.7640364599147944
580.1205965309779 0.7616986702578211
581.0172291821686 0.7593608806008478
581.9147344685431 0.7566347682871545
582.8122397549174 0.753908655973461
583.7093087237 0.7513767049881278
584.6063776924826 0.7488447540027945
585.5030103436734 0.7465069643458211
586.4005156300477 0.7437808520321278
587.2975845988303 0.7412489010467944
588.1950898852048 0.7385227887331012
589.0921588539874 0.7359908377477677
589.9887915051781 0.7336530480907946
590.8858604739606 0.7311210971054611
591.7833657603351 0.7283949847917679
592.6804347291177 0.7258630338064345
593.5775036979003 0.7233310828211013
594.4745726666828 0.7207991318357678
595.3712053178735 0.7184613421787946
596.268710604248 0.7157352298651012
597.1662158906224 0.7130091175514078
598.0628485418131 0.7106713278944345
598.6623489129743 0.7083361561430122
599.5581089289813 0.706386689142759
600.4556142153558 0.7036605768290656
601.3522468665465 0.7013227871720924
602.249752152921 0.6985966748583989
603.1463848041117 0.6962588852014258
604.0430174553024 0.6939210955444525
604.9405227416769 0.6911949832307591
605.8380280280512 0.6884688709170657
606.7350969968338 0.6859369199317324
607.6321659656164 0.683404968946399
608.5287986168072 0.6810671792894258
609.4263039031816 0.6783410669757324
610.3220639191886 0.6763915999754793
611.217387617604 0.6746362943035861
612.1118386808357 0.6732693112884129
613.0067260616592 0.6717081669448799
613.9016134424826 0.6701470226013468
614.7960645057142 0.6687800395861737
615.6913882041296 0.6670247339142805
616.586711902545 0.6652694282423874
617.4820356009602 0.6635141225704942
618.3773592993755 0.661758816898601
619.2726829977908 0.660003511226708
620.168006696206 0.6582482055548148
621.0633303946213 0.6564928998829216
621.9586540930366 0.6547375942110285
622.8539777914519 0.6529822885391354
623.749737807459 0.6510328215388821
624.645934141058 0.6488891932102689
625.5412578394732 0.6471338875383758
626.4370178554805 0.6451844205381225
627.3332141890794 0.6430407922095094
628.2289742050864 0.641091325209256
629.1256068562773 0.6387535355522829
630.0213668722844 0.6368040685520298
630.9175632058833 0.6346604402234164
631.8137595394822 0.6325168118948032
632.710392190673 0.6301790222378298
633.6070248418638 0.6278412325808567
634.5036574930546 0.6255034429238833
635.4002901442452 0.6231656532669101
636.2969227954361 0.6208278636099367
637.1939917642187 0.6182959126246035
638.091497050593 0.61556980031091
638.9881297017837 0.6132320106539367
639.8851986705663 0.6107000596686034
640.7831402745326 0.60777978602655
641.680645560907 0.6050536737128568
642.5772782120978 0.6027158840558834
643.4765287688394 0.5992131264287499
643.7788968599709 0.5968805725828784
644.674656875978 0.5949311055826252
645.2741572471391 0.5925959338312029
646.1716625335135 0.5898698215175096
647.0682951847043 0.5875320318605363
647.9658004710786 0.5848059195468429
648.863523916249 0.5819827265689695
649.7603747262357 0.5795478562478162
650.6570073774265 0.577210066590843
651.5536400286172 0.5748722769338697
652.450272679808 0.5725344872768964
653.3469053309987 0.5701966976199231
654.2435379821895 0.5678589079629498
655.1401706333802 0.5655211183059766
656.0363669669791 0.5633774899773633
656.9325633005781 0.56123386164875
657.828759634177 0.5590902333201367
658.7249559677759 0.5569466049915236
659.6207159837832 0.5549971379912704
660.5173486349738 0.5526593483342971
661.413108650981 0.550709881334044
662.3088686669881 0.5487604143337907
663.2050650005871 0.5466167860051775
664.1008250165942 0.5446673190049243
664.9970213501931 0.5425236906763111
665.8927813662003 0.5405742236760579
666.7881050646156 0.5388189180041647
667.6843013982145 0.5366752896755514
668.5796250966298 0.5349199840036584
669.4732035246777 0.5339413236452054
670.3663456351339 0.5331568246151124
671.259924063182 0.5321781642566594
672.1543751264137 0.5308111812414864
673.049698824829 0.5290558755695932
673.9454588408362 0.52710640856934
674.8429641272105 0.5243802962556465
675.6659681847816 0.521751919082521
676.0419648695326 0.5197099527528019
676.9381612031317 0.5175663244241887
677.8339212191388 0.5156168574239355
678.7279359647787 0.5144440357371224
679.6228233456021 0.5128828913935892
680.5177107264255 0.5113217470500563
681.4125981072491 0.5097606027065231
682.308794440848 0.5076169743779099
683.2041181392633 0.5058616687060168
684.0998781552705 0.5039122017057636
684.9965108064612 0.5015744120487903
685.893143457652 0.499236622391817
686.7897761088427 0.4968988327348437
687.6868450776253 0.4943668817495105
688.5843503639996 0.491640769435817
689.4809830151904 0.48930297977884374
690.3793609367485 0.4861885448084303
690.9788613079096 0.48385337305700793
691.876366594284 0.48112726074331447
692.774744515842 0.47801282577290116
693.4355911404132 0.47482282059558445
694.1981215797579 0.472660954191633
694.6503647636796 0.469744607407906
695.3971223220801 0.46799061068878833
695.849365506002 0.46507426390506124
696.4716634713357 0.4636125999724632
696.9729923843372 0.4608899781995044
697.8700613531198 0.45835802721417107
698.7662576867187 0.4562143988855578
699.5883891091062 0.4539743443691524
700.5582140363247 0.45212130355669133
701.4539740523319 0.45017183655643833
702.3506067035227 0.44783404689946493
703.2463667195298 0.4458845798992118
704.1421267355369 0.4439351128989585
705.0383230691358 0.44179148457034545
705.9345194027348 0.4396478562417321
706.8302794187418 0.43769838924147897
707.7264757523408 0.4355547609128656
708.622235768348 0.4336052939126126
709.5184321019469 0.43146166558399923
710.4146284355459 0.429318037255386
711.3103884515529 0.42736857025513275
712.2065847851518 0.4252249419265196
713.102344801159 0.4232754749262664
713.9989774523497 0.4209376852692931
714.8947374683569 0.41898821826903987
715.790497484364 0.41703875126878664
716.6866938179629 0.4148951229401735
717.58245383397 0.41294565593992016
718.4773412147936 0.4113845115963871
719.3709196428415 0.41040585123793416
720.2644980708897 0.4094271908794811
721.1585128165293 0.4082543691926681
722.0520912445775 0.40727570883421527
722.9456696726254 0.4062970484757622
723.8392481006734 0.40531838811730914
724.7328265287215 0.4043397277588563
725.6268412743614 0.4031669060720433
726.5199833848176 0.4023824070419503
727.4135618128655 0.4014037466834973
728.3075765585054 0.40023092499668433
729.2024639393288 0.3986697806531512
730.0997510669074 0.39604074900363784
730.9948566065268 0.39438252399592477
731.890180304942 0.3926272183240316
732.786376638541 0.3904835899954183
733.68257297214 0.38833996166680507
734.578332988147 0.38639049466655184
735.4740930041542 0.38444102766629873
736.3702893377531 0.3822973993376855
737.266485671352 0.3801537710090722
738.1622456873591 0.378204304008819
739.0566967505908 0.3768373209936461
739.9511478138224 0.37547033797847285
740.845598877054 0.37410335496329983
741.7400499402856 0.3727363719481268
742.6340646859255 0.3715635502613138
743.5280794315654 0.3703907285745007
744.422966812389 0.36882958423096757
745.3182905108042 0.3670742785590744
746.2136142092195 0.3653189728871813
747.1089379076348 0.3635636672152882
748.004697923642 0.361614200215035
748.9000216220572 0.3598588945431418
749.7962179556562 0.35771526621452865
750.6915416540714 0.35595996054263546
751.5868653524867 0.35420465487074226
752.482189050902 0.35244934919884907
753.3770764317255 0.350888204855316
754.2702185421817 0.3501037058252231
755.1642332878216 0.34893088413841
756.0573753982778 0.3481463851083171
756.9513901439176 0.3469735634215042
757.8445322543738 0.34618906439141106
758.7385470000137 0.3450162427045981
759.6321254280616 0.34403758234614523
760.5257038561097 0.34305892198769217
761.4188459665659 0.34227442295759924
762.3128607122057 0.34110160127078626
763.206002822662 0.3403171022406932
764.1004538858936 0.3389501192255202
764.9957775843088 0.337194813553627
765.8911012827242 0.3354395078817338
766.787733933915 0.33310171822476065
767.6830576323302 0.33134641255286745
768.5788176483373 0.32939694555261434
769.4745776643445 0.327447478552361
770.3707739979434 0.32530385022374786
771.2660976963587 0.3235485445518548
772.1622940299576 0.3214049162232414
773.0580540459648 0.3194554492229883
773.9538140619718 0.3175059822227351
774.8487014427953 0.315944837879202
775.7435888236189 0.31438369353566886
776.6384762044423 0.3128225491921356
777.5329272676739 0.3114555661769627
778.4282509660893 0.3097002605050695
779.3222657117292 0.3085274388182565
780.2171530925526 0.30696629447472334
781.112040473376 0.3054051501311903
782.0069278541996 0.30384400578765713
782.9013789174312 0.3024770227724841
783.7962662982547 0.30091587842895107
784.6894084087108 0.30013137939885814
785.5829868367589 0.2991527190404051
786.4756926296233 0.2985623813386721
787.3697073752631 0.2973895596518592
788.2650310736784 0.295634253979966
789.1603547720937 0.2938789483080728
790.0556784705091 0.2921236426361796
790.9510021689243 0.29036833696428654
791.8463258673396 0.28861303129239335
792.7416495657549 0.28685772562050027
793.6369732641701 0.2851024199486071
794.5322969625855 0.283347114276714
795.4276206610008 0.2815918086048208
796.3229443594162 0.2798365029329276
797.2182680578314 0.27808119726103453
798.1135917562467 0.27632589158914134
799.008915454662 0.27457058591724814
799.8302833212638 0.2726703137254727
800.7995628514926 0.27105997457346187
801.6940139147243 0.26969299155828885
802.5871560251804 0.2689084925281958
803.4789891828611 0.268706477483183
804.3716949757256 0.2681161397814502
805.2630918158145 0.2681082860647974
806.153179703128 0.2686829163332247
807.0445765432169 0.2686750626165719
807.9359733833057 0.26866720889991924
808.8273702233947 0.26865935518326645
809.7200760162591 0.26806901748153356
810.6140907618989 0.26689619579472046
811.5081055075387 0.2657233741079076
812.4025565707705 0.26435639109273457
813.2974439515938 0.2627952467492013
814.1914586972337 0.2616224250623883
815.086782395649 0.2598671193904952
815.9821060940643 0.25811181371860203
816.8774297924796 0.25635650804670884
817.772753490895 0.25460120237481576
818.6680771893102 0.25284589670292257
819.5634008877255 0.2510905910310294
820.4600335389163 0.2487528013740561
821.3557935549234 0.24680333437380308
822.2515535709306 0.24485386737354975
823.1473135869376 0.24290440037329653
824.0426372853528 0.24114909470140333
824.9366520309927 0.23997627301459046
825.8306667766326 0.23880345132777736
826.7242452046806 0.2378247909693243
827.6173873151367 0.23704029193923137
828.510529425593 0.23625579290913856
829.4027989008655 0.2358596165357657
830.2941957409545 0.2358517628191129
831.1855925810434 0.23584390910246011
832.0769894211323 0.23583605538580743
832.9683862612212 0.23582820166915464
833.8597831013101 0.23582034795250184
834.751179941399 0.23581249423584905
835.642576781488 0.23580464051919636
836.5344099391687 0.23560262547418354
837.4271157320331 0.23501228777245065
838.3202578424894 0.2342277887423576
839.2151452233128 0.23266664439882456
840.1113415569117 0.2305230160702113
841.0079742081025 0.22818522641323802
841.9041705417014 0.22604159808462476
842.8008031928921 0.22370380842765147
843.6969995264911 0.22156018009903833
844.5936321776819 0.21922239044206504
845.4902648288726 0.21688460078509175
846.3868974800635 0.21454681112811846
847.2830938136624 0.2124031827995052
848.179726464853 0.21006539314253192
849.075922798452 0.20792176481391866
849.8980542208394 0.20568171029751314
850.2740509055907 0.20363974396779405
851.1676293336386 0.202661083609341
852.0642619848294 0.2003232939523677
852.9608946360202 0.1979855042953944
853.8570909696191 0.19584187596678138
854.4565913407803 0.19350670421535887
855.35060608642 0.192333882528546
856.2476750552026 0.18980193154321257
857.1443077063934 0.18746414188623928
858.0405040399922 0.18532051355762602
858.9353914208158 0.18375936921409297
859.8280972136802 0.18316903151236008
860.7203666889527 0.1827728551389871
861.6121998466335 0.1825708400939744
862.5035966867224 0.1825629863773217
863.3954298444032 0.18236097133230889
864.2876993196757 0.18196479495893592
865.1790961597645 0.18195694124228312
866.0704929998535 0.18194908752563044
866.9618898399424 0.18194123380897764
867.8532866800313 0.18193338009232485
868.7446835201202 0.18192552637567205
869.6360803602091 0.18191767265901937
870.5274772002981 0.18190981894236657
871.4201829931625 0.18131948124063368
872.3133251036187 0.18053498221054076
873.2082124844422 0.1789738378670077
874.1035361828574 0.17721853219511452
874.9997325164563 0.17507490386650115
875.8963651676472 0.17273711420952798
876.7938704540215 0.17001100189583473
877.691375740396 0.16728488958214127
878.5888810267703 0.1645587772684478
879.4863863131447 0.16183266495475457
880.3834552819274 0.15930071396942114
881.2800879331181 0.15696292431244785
882.1771569019006 0.15443097332711453
883.0737895530915 0.15209318367014135
883.9699858866903 0.1499495553415281
884.8666185378812 0.1476117656845547
885.76281487148 0.14546813735594155
886.659011205079 0.1433245090273284
887.5547712210862 0.14137504202707518
888.448785966726 0.14020222034026208
889.3410554419985 0.13980604396688923
890.2324522820875 0.13979819025023654
891.1251580749519 0.13920785254850354
892.0169912326326 0.13900583750349083
892.9092607079051 0.13860966113011786
893.800657547994 0.13860180741346517
894.692054388083 0.13859395369681238
895.5825785929882 0.13897442263687976
896.4731027978935 0.13935489157694703
897.3636270027988 0.1397353605170144
898.254151207704 0.14011582945708168
899.1438027774258 0.140884621053869
900.0338906647391 0.14145925132229653
900.9239785520525 0.14203388159072383
901.8153753921415 0.14202602787407104
902.7067722322304 0.14201817415741824
903.5986053899111 0.14181615911240553
904.4917475003674 0.1410316600823125
905.3844532932317 0.1404413223805796
906.2780317212798 0.13946266202212665
907.1729191021033 0.1379015176785936
908.0682428005185 0.1361462120067004
908.9635664989339 0.13439090633480721
909.8593265149409 0.1324414393345541
910.7555228485398 0.13029781100594084
911.6508465469552 0.12854250533404765
912.5461702453705 0.12678719966215446
913.4419302613777 0.12483773266190146
914.3372539597929 0.12308242699000826
915.2330139758 0.12113295998975493
916.1287739918072 0.1191834929895017
917.0240976902224 0.11742818731760862
917.9194213886377 0.11567288164571554
918.8147450870531 0.11391757597382246
919.7100687854684 0.11216227030192916
920.6053924838836 0.11040696463003608
921.5007161822989 0.10865165895814277
922.3960398807142 0.10689635328624991
923.2913635791296 0.10514104761435661
924.1866872775448 0.10338574194246353
925.0811383407764 0.10201875892729051
925.9747167688246 0.10104009856883733
926.8661136089135 0.10103224485218454
927.7575104490024 0.10102439113553174
928.6497799242749 0.10062821476215889
929.5416130819556 0.10042619971714628
930.4330099220446 0.10041834600049349
931.3244067621334 0.10041049228384069
932.2171125549978 0.0998201545821078
933.1085093950868 0.099812300865455
933.9999062351757 0.09980444714880221
934.8913030752647 0.09979659343214942
935.7826999153535 0.09978873971549684
936.6740967554424 0.09978088599884405
937.5654935955314 0.09977303228219125
938.4581993883957 0.09918269458045836
939.35090518126 0.09859235687872525
940.2440472917164 0.09780785784863233
941.1371894021725 0.0970233588185394
942.0307678302206 0.09604469846008645
942.9247825758604 0.09487187677327369
943.8179246863165 0.09408737774318054
944.7119394319565 0.09291455605636756
945.6059541775962 0.09174173436955457
946.499968923236 0.09056891268274136
947.3944199864677 0.08920192966756835
948.2888710496993 0.08783494665239533
949.1837584305229 0.08627380230886206
950.0786458113463 0.08471265796532923
950.9739695097616 0.08295735229343593
951.8697295257688 0.08100788529318281
952.7654895417759 0.0790584182929297
953.6621221929665 0.0767206286359563
954.5591911617493 0.07418867765062287
955.4566964481236 0.07146256533692963
956.3528927817226 0.06931893700831648
957.2495254329133 0.06698114735134308
958.1439764961449 0.06561416433617007
959.0388638769684 0.06405301999263702
959.9328786226083 0.06288019830582381
960.8268933682481 0.06170737661901082
961.7195991611126 0.06111703891727793
962.6136139067523 0.05994421723046495
963.5063196996167 0.059353879528732056
964.3990254924811 0.058763541826999166
965.2921676029373 0.057979042796906244
966.1844370782098 0.057582866423533385
967.0767065534824 0.05718669005016053
967.9698486639386 0.056402191020067605
968.8612455040276 0.05639433730341481
969.7535149793 0.05599816093004173
970.6462207721644 0.05540782322830906
971.5380539298452 0.055205808183296234
972.4294507699341 0.05519795446664344
973.3208476100231 0.055190100749990645
974.2122444501119 0.05518224703333785
975.1036412902008 0.055174393316685055
975.9950381302898 0.05516653960003226
976.8864349703787 0.05515868588337969
977.7795770808348 0.054374186853286766
978.6718465561074 0.05397801047991391
979.5636797137881 0.05377599543490108
980.4568218242445 0.05299149640480816
981.348654981925 0.05278948135979533
982.2409244571976 0.05239330498642247
983.1340665676539 0.05160880595632955
984.0263360429263 0.05121262958295669
984.9194781533826 0.05042813055286377
985.8117476286552 0.05003195417949091
986.7048897391113 0.04924745514939799
987.597159214384 0.04885127877602513
988.4903013248401 0.04806677974593221
989.3830071177044 0.04747644204419932
990.2757129105689 0.04688610434246643
991.168855021025 0.046101605312373506
992.0615608138894 0.045511267610640616
992.9547029243456 0.04472676858054769
993.8478450348018 0.04394226955045477
994.7414234628499 0.042963609192001595
995.6350018908979 0.04198494883354864
996.528144001354 0.04120044980345572
997.2733744481832 0.04012601773359825
