460 0.858729333167665
461 0.858294240277649
462 0.857942696951146
463 0.858352483336539
464 0.859341810422638
465 0.860114887779285
466 0.859920384547355
467 0.860123321919998
468 0.861495665363989
469 0.862230805218336
470 0.861776531567445
471 0.862335143173954
472 0.862177364501865
473 0.859286256631966
474 0.856744976258479
475 0.854206707782014
476 0.851725356320432
477 0.849028987938494
478 0.846954119501654
479 0.844090526725483
480 0.843323895622700
481 0.841048493601141
482 0.840365548261087
483 0.840175143250503
484 0.841184423504429
485 0.842154313516738
486 0.844697362830203
487 0.846185257866714
488 0.847055706179962
489 0.848143877939603
490 0.850581517591106
491 0.853826546716907
492 0.854024500527453
493 0.855250672244391
494 0.855200988710900
495 0.854197662109568
496 0.852538695550297
497 0.847049996677687
498 0.845595463988342
499 0.844330060539689
500 0.843291785127723
501 0.841832548264301
502 0.841464429581019
503 0.841236722069542
504 0.841185463281403
505 0.842853360936598
506 0.844165024981398
507 0.845254152769846
508 0.846927210405021
509 0.846195968423931
510 0.845315361722122
610 0.898541033583068
611 0.899103199736131
612 0.900277000843473
613 0.902319768546118
614 0.903049084593763
615 0.904670955868972
616 0.905923484446846
617 0.908148413132404
618 0.910939195855126
619 0.912467742061234
620 0.914718703852943
621 0.915860613771858
622 0.917681552158205
623 0.918572146036102
624 0.919122228810929
625 0.919629781890233
626 0.920258976340462
627 0.919506625224283
628 0.919361882690539
629 0.918730664872859
630 0.916638991520197
631 0.916066896593338
632 0.912823423653720
633 0.910753423620349
634 0.907927685063383
635 0.905127718559897
636 0.903149497242523
637 0.902394058235815
638 0.900824207973925
639 0.900963776627066
640 0.898818623248436
641 0.899607742035608
642 0.900151321895452
643 0.900055067263522
644 0.900224230120881
645 0.900580352887958
646 0.899766319999458
647 0.900253618786501
648 0.901167197454540
649 0.901824575078675
650 0.903514284643092
651 0.904893552278302
652 0.905727252889467
653 0.901917355461405
654 0.904158324502810
655 0.904709185809818
656 0.906146097685133
657 0.907092715759833
658 0.907043249191645
659 0.908127505942831
660 0.907661455363848
661 0.906752300883427
662 0.906066083122348
663 0.909509283712844
664 0.908948971063658
665 0.908882011068652
666 0.908288661305884
667 0.907940143358375
668 0.906945420353875
669 0.906086621274362
670 0.906406162139704
671 0.904690956202532
672 0.904095790461848
673 0.903173553381563
674 0.902213083113237
675 0.899904519103797
676 0.897848109009407
677 0.895712437867542
678 0.894324451321583
679 0.891899573547924
680 0.889082438111505
681 0.888247213458838
682 0.885828218905465
683 0.884313786523471
684 0.883033696527222
685 0.882024369076009
686 0.881304973696766
687 0.881099763619400
688 0.879625521119833
689 0.879783522412218
690 0.879459292465353
