4.600000000000000000e+02 6.715999999999999748e-01 6.681000000000000272e-01 6.578000000000000513e-01 6.415999999999999481e-01 6.191999999999999726e-01 5.917999999999999927e-01 5.594000000000000083e-01
4.610000000000000000e+02 6.829999999999999405e-01 6.795999999999999819e-01 6.692000000000000171e-01 6.517000000000000570e-01 6.291999999999999815e-01 6.008999999999999897e-01 5.676999999999999824e-01
4.620000000000000000e+02 6.942000000000000393e-01 6.906999999999999806e-01 6.798999999999999488e-01 6.623999999999999888e-01 6.389000000000000234e-01 6.100999999999999757e-01 5.755000000000000115e-01
4.630000000000000000e+02 7.051000000000000600e-01 7.012999999999999234e-01 6.904000000000000137e-01 6.726000000000000867e-01 6.487999999999999323e-01 6.189999999999999947e-01 5.838999999999999746e-01
4.640000000000000000e+02 7.143000000000000460e-01 7.109000000000000874e-01 7.001999999999999336e-01 6.822000000000000286e-01 6.581000000000000183e-01 6.278000000000000247e-01 5.916000000000000147e-01
4.650000000000000000e+02 7.232999999999999430e-01 7.193999999999999284e-01 7.088999999999999746e-01 6.915000000000000036e-01 6.670000000000000373e-01 6.363999999999999657e-01 5.997999999999999998e-01
4.660000000000000000e+02 7.325000000000000400e-01 7.286000000000000254e-01 7.170999999999999597e-01 6.995000000000000107e-01 6.756999999999999673e-01 6.448999999999999178e-01 6.075000000000000400e-01
4.670000000000000000e+02 7.419000000000000039e-01 7.376000000000000334e-01 7.256000000000000227e-01 7.070000000000000728e-01 6.837000000000000854e-01 6.526000000000000689e-01 6.148000000000000131e-01
4.680000000000000000e+02 7.513999999999999568e-01 7.469000000000000083e-01 7.340999999999999748e-01 7.147999999999999909e-01 6.905999999999999917e-01 6.604999999999999760e-01 6.221999999999999753e-01
4.690000000000000000e+02 7.612999999999999767e-01 7.565999999999999392e-01 7.429000000000001158e-01 7.223999999999999311e-01 6.973000000000000309e-01 6.676000000000000822e-01 6.290999999999999925e-01
4.700000000000000000e+02 7.712999999999999856e-01 7.662999999999999812e-01 7.515999999999999348e-01 7.303000000000000602e-01 7.038999999999999702e-01 6.743000000000001215e-01 6.357000000000000428e-01
4.710000000000000000e+02 7.815999999999999615e-01 7.762000000000000011e-01 7.606000000000000538e-01 7.379999999999999893e-01 7.106000000000000094e-01 6.801000000000000378e-01 6.421999999999999931e-01
4.720000000000000000e+02 7.920999999999999153e-01 7.863999999999999879e-01 7.698999999999999178e-01 7.460999999999999854e-01 7.173000000000000487e-01 6.855999999999999872e-01 6.484000000000000874e-01
4.730000000000000000e+02 8.029000000000000581e-01 7.965000000000000968e-01 7.790000000000000258e-01 7.539000000000000146e-01 7.240999999999999659e-01 6.909000000000000696e-01 6.540000000000000258e-01
4.740000000000000000e+02 8.137000000000000899e-01 8.070000000000000506e-01 7.883999999999999897e-01 7.618000000000000327e-01 7.304999999999999272e-01 6.962999999999999190e-01 6.598000000000000531e-01
4.750000000000000000e+02 8.249999999999999556e-01 8.176000000000001044e-01 7.979000000000000536e-01 7.698000000000000398e-01 7.371999999999999664e-01 7.016999999999999904e-01 6.643000000000001126e-01
4.760000000000000000e+02 8.364000000000000323e-01 8.284999999999999032e-01 8.072000000000000286e-01 7.778000000000000469e-01 7.440000000000001057e-01 7.068000000000000949e-01 6.683999999999999941e-01
4.770000000000000000e+02 8.481000000000000760e-01 8.395000000000000240e-01 8.170000000000000595e-01 7.857999999999999430e-01 7.501999999999999780e-01 7.120999999999999552e-01 6.726000000000000867e-01
4.780000000000000000e+02 8.601000000000000867e-01 8.508000000000000007e-01 8.265000000000000124e-01 7.937999999999999501e-01 7.565999999999999392e-01 7.175000000000000266e-01 6.762999999999999012e-01
4.790000000000000000e+02 8.723999999999999533e-01 8.620999999999999774e-01 8.362000000000000544e-01 8.015999999999999792e-01 7.631999999999998785e-01 7.223000000000000531e-01 6.801000000000000378e-01
4.800000000000000000e+02 8.848000000000000309e-01 8.737999999999999101e-01 8.457999999999999963e-01 8.094999999999999973e-01 7.691999999999999948e-01 7.270999999999999686e-01 6.837999999999999634e-01
4.810000000000000000e+02 8.974999999999999645e-01 8.854000000000000759e-01 8.554000000000000492e-01 8.172000000000000375e-01 7.752999999999999892e-01 7.318999999999999950e-01 6.872000000000000330e-01
4.820000000000000000e+02 9.104999999999999760e-01 8.970999999999998975e-01 8.651000000000000911e-01 8.246999999999999886e-01 7.811000000000000165e-01 7.364000000000000545e-01 6.905000000000000027e-01
4.830000000000000000e+02 9.235999999999999766e-01 9.090000000000000302e-01 8.743999999999999551e-01 8.323000000000000398e-01 7.868999999999999329e-01 7.406000000000000361e-01 6.934999999999998943e-01
4.840000000000000000e+02 9.368999999999999551e-01 9.207999999999999519e-01 8.839000000000000190e-01 8.393000000000000460e-01 7.926999999999999602e-01 7.448000000000000176e-01 6.962999999999999190e-01
4.850000000000000000e+02 9.501999999999999336e-01 9.323999999999998956e-01 8.929000000000000270e-01 8.462999999999999412e-01 7.979000000000000536e-01 7.486000000000000432e-01 6.988999999999999657e-01
4.860000000000000000e+02 9.634000000000000341e-01 9.438999999999999613e-01 9.017000000000000570e-01 8.530999999999999694e-01 8.029999999999999361e-01 7.524999999999999467e-01 7.012000000000000455e-01
4.870000000000000000e+02 9.759999999999999787e-01 9.549999999999999600e-01 9.101000000000000201e-01 8.595999999999999197e-01 8.079000000000000625e-01 7.556999999999999273e-01 7.031999999999999362e-01
4.880000000000000000e+02 9.878000000000000114e-01 9.653000000000000469e-01 9.181999999999999051e-01 8.656999999999999140e-01 8.123999999999999000e-01 7.590999999999999970e-01 7.048000000000000931e-01
4.890000000000000000e+02 9.973000000000000753e-01 9.749999999999999778e-01 9.256999999999999673e-01 8.712999999999999634e-01 8.165999999999999925e-01 7.617000000000000437e-01 7.060999999999999499e-01
4.900000000000000000e+02 1.000000000000000000e+00 9.834999999999999298e-01 9.326999999999999735e-01 8.767000000000000348e-01 8.203000000000000291e-01 7.641999999999999904e-01 7.068999999999999728e-01
4.910000000000000000e+02 1.000000000000000000e+00 9.906000000000000361e-01 9.388999999999999568e-01 8.812999999999999723e-01 8.237999999999999767e-01 7.661000000000000032e-01 7.073999999999999178e-01
4.920000000000000000e+02 1.000000000000000000e+00 9.959000000000000075e-01 9.442000000000000393e-01 8.856000000000000538e-01 8.265000000000000124e-01 7.674999999999999600e-01 7.068999999999999728e-01
4.930000000000000000e+02 1.000000000000000000e+00 9.990999999999999881e-01 9.490000000000000657e-01 8.893000000000000904e-01 8.287999999999999812e-01 7.684999999999999609e-01 7.056999999999998829e-01
4.940000000000000000e+02 1.000000000000000000e+00 1.000000000000000000e+00 9.529000000000000803e-01 8.923000000000000931e-01 8.309000000000000830e-01 7.684999999999999609e-01 7.034000000000000252e-01
4.950000000000000000e+02 1.000000000000000000e+00 1.000000000000000000e+00 9.555000000000000160e-01 8.943999999999999728e-01 8.318999999999999728e-01 7.673000000000000931e-01 6.995999999999998886e-01
4.960000000000000000e+02 1.000000000000000000e+00 1.000000000000000000e+00 9.573000000000000398e-01 8.959999999999999076e-01 8.316000000000000059e-01 7.658000000000000362e-01 6.944000000000000172e-01
4.970000000000000000e+02 1.000000000000000000e+00 1.000000000000000000e+00 9.581000000000000627e-01 8.961000000000000076e-01 8.305000000000000160e-01 7.632999999999999785e-01 6.870999999999999330e-01
4.980000000000000000e+02 1.000000000000000000e+00 1.000000000000000000e+00 9.570000000000000728e-01 8.948000000000000398e-01 8.286000000000000032e-01 7.604000000000000759e-01 6.787000000000000810e-01
4.990000000000000000e+02 9.990999999999999881e-01 9.968000000000000194e-01 9.542000000000000481e-01 8.923999999999999710e-01 8.257999999999999785e-01 7.568000000000000282e-01 6.683999999999999941e-01
5.000000000000000000e+02 9.949999999999999956e-01 9.915999999999999259e-01 9.503000000000000336e-01 8.893999999999999684e-01 8.225000000000000089e-01 7.520000000000000018e-01 6.559999999999999165e-01
5.010000000000000000e+02 9.926999999999999158e-01 9.856000000000000316e-01 9.455999999999999961e-01 8.854999999999999538e-01 8.181999999999999273e-01 7.465000000000000524e-01 6.415999999999999481e-01
5.020000000000000000e+02 9.876000000000000334e-01 9.790000000000000924e-01 9.398999999999999577e-01 8.806999999999999273e-01 8.131999999999999229e-01 7.373999999999999444e-01 6.249000000000000110e-01
5.030000000000000000e+02 9.814000000000000501e-01 9.718999999999999861e-01 9.335999999999999854e-01 8.751000000000001000e-01 8.073000000000000176e-01 7.254999999999999227e-01 6.057000000000000162e-01
5.040000000000000000e+02 9.743000000000000549e-01 9.640000000000000790e-01 9.265000000000001013e-01 8.686000000000000387e-01 8.004999999999999893e-01 7.106999999999998874e-01 5.832000000000000517e-01
5.050000000000000000e+02 9.662999999999999368e-01 9.555000000000000160e-01 9.185999999999999721e-01 8.612000000000000766e-01 7.928000000000000602e-01 6.926999999999999824e-01 5.579999999999999405e-01
5.060000000000000000e+02 9.573999999999999178e-01 9.462999999999999190e-01 9.096999999999999531e-01 8.529000000000001025e-01 7.812999999999999945e-01 6.720000000000000417e-01 5.288000000000000478e-01
5.070000000000000000e+02 9.476999999999999869e-01 9.362999999999999101e-01 9.000000000000000222e-01 8.436000000000000165e-01 7.643999999999999684e-01 6.474999999999999645e-01 4.378000000000000225e-01
5.080000000000000000e+02 9.370000000000000551e-01 9.254999999999999893e-01 8.895999999999999464e-01 8.331000000000000627e-01 7.437999999999999057e-01 6.198000000000000176e-01 2.767000000000000015e-01
5.090000000000000000e+02 9.255999999999999783e-01 9.137000000000000677e-01 8.778000000000000247e-01 8.176000000000001044e-01 7.193999999999999284e-01 5.877000000000000002e-01 9.750000000000000333e-02
5.100000000000000000e+02 9.129000000000000448e-01 9.009999999999999121e-01 8.652999999999999581e-01 7.957999999999999519e-01 6.907999999999999696e-01 5.447999999999999510e-01 0.000000000000000000e+00
6.150000000000000000e+02 6.100999999999999757e-01 6.339000000000000190e-01 6.309000000000000163e-01 6.245000000000000551e-01 6.145000000000000462e-01 6.015999999999999126e-01 5.626999999999999780e-01
6.160000000000000000e+02 6.411000000000000032e-01 6.406000000000000583e-01 6.371999999999999886e-01 6.308000000000000274e-01 6.207000000000000295e-01 6.077000000000000179e-01 5.834000000000000297e-01
6.170000000000000000e+02 6.476000000000000645e-01 6.473999999999999755e-01 6.437999999999999279e-01 6.373999999999999666e-01 6.272999999999999687e-01 6.140999999999999792e-01 5.967999999999999972e-01
6.180000000000000000e+02 6.541000000000000147e-01 6.539000000000000368e-01 6.504999999999999671e-01 6.437000000000000499e-01 6.334000000000000741e-01 6.198000000000000176e-01 6.028000000000000025e-01
6.190000000000000000e+02 6.602999999999999980e-01 6.593999999999999861e-01 6.565000000000000835e-01 6.495999999999999552e-01 6.396999999999999353e-01 6.259000000000000119e-01 6.084000000000000519e-01
6.200000000000000000e+02 6.659000000000000474e-01 6.654000000000001025e-01 6.622000000000000108e-01 6.556999999999999496e-01 6.454999999999999627e-01 6.317000000000000393e-01 6.139999999999999902e-01
6.210000000000000000e+02 6.720000000000000417e-01 6.712000000000000188e-01 6.678000000000000602e-01 6.615999999999999659e-01 6.515000000000000790e-01 6.375999999999999446e-01 6.193999999999999506e-01
6.220000000000000000e+02 6.781000000000000361e-01 6.773000000000000131e-01 6.734999999999999876e-01 6.670000000000000373e-01 6.570999999999999064e-01 6.431000000000000050e-01 6.250999999999999890e-01
6.230000000000000000e+02 6.840000000000000524e-01 6.834999999999999964e-01 6.793000000000000149e-01 6.723000000000000087e-01 6.622000000000000108e-01 6.482999999999999874e-01 6.304999999999999494e-01
6.240000000000000000e+02 6.904000000000000137e-01 6.894000000000000128e-01 6.853000000000000203e-01 6.779000000000000581e-01 6.673000000000000043e-01 6.537999999999999368e-01 6.353999999999999648e-01
6.250000000000000000e+02 6.965000000000000080e-01 6.955999999999999961e-01 6.915000000000000036e-01 6.835999999999999854e-01 6.723999999999999977e-01 6.589000000000000412e-01 6.404999999999999583e-01
6.260000000000000000e+02 7.031999999999999362e-01 7.021999999999999353e-01 6.973999999999999089e-01 6.892000000000000348e-01 6.777999999999999581e-01 6.635999999999999677e-01 6.451000000000000068e-01
6.270000000000000000e+02 7.095000000000000195e-01 7.084999999999999076e-01 7.034000000000000252e-01 6.948999999999999622e-01 6.829999999999999405e-01 6.685999999999999721e-01 6.498999999999999222e-01
6.280000000000000000e+02 7.159999999999999698e-01 7.149999999999999689e-01 7.098999999999999755e-01 7.006000000000000005e-01 6.883000000000000229e-01 6.733000000000000096e-01 6.548000000000000487e-01
6.290000000000000000e+02 7.223999999999999311e-01 7.215000000000000302e-01 7.159999999999999698e-01 7.065000000000000169e-01 6.934999999999998943e-01 6.777999999999999581e-01 6.592000000000000082e-01
6.300000000000000000e+02 7.297000000000000153e-01 7.282999999999999474e-01 7.225000000000000311e-01 7.123000000000000442e-01 6.990000000000000657e-01 6.824999999999999956e-01 6.633999999999999897e-01
6.310000000000000000e+02 7.362000000000000766e-01 7.349999999999999867e-01 7.286000000000000254e-01 7.181000000000000716e-01 7.040999999999999481e-01 6.873999999999999000e-01 6.673000000000000043e-01
6.320000000000000000e+02 7.432999999999999607e-01 7.418000000000000149e-01 7.353000000000000647e-01 7.240000000000000879e-01 7.095999999999998975e-01 6.920999999999999375e-01 6.715000000000000968e-01
6.330000000000000000e+02 7.502999999999999670e-01 7.489000000000000101e-01 7.417000000000000259e-01 7.301000000000000822e-01 7.145999999999999019e-01 6.966999999999999860e-01 6.754999999999999893e-01
6.340000000000000000e+02 7.573000000000000842e-01 7.559999999999998943e-01 7.484999999999999432e-01 7.360999999999999766e-01 7.199999999999999734e-01 7.012999999999999234e-01 6.794999999999999929e-01
6.350000000000000000e+02 7.648999999999999133e-01 7.631999999999998785e-01 7.551999999999999824e-01 7.421999999999999709e-01 7.254000000000000448e-01 7.059000000000000830e-01 6.834999999999999964e-01
6.360000000000000000e+02 7.722999999999999865e-01 7.704999999999999627e-01 7.620000000000000107e-01 7.482999999999999652e-01 7.306000000000000272e-01 7.104000000000000314e-01 6.873999999999999000e-01
6.370000000000000000e+02 7.798999999999999266e-01 7.779000000000000359e-01 7.687000000000000499e-01 7.545000000000000595e-01 7.362000000000000766e-01 7.153000000000000469e-01 6.911000000000000476e-01
6.380000000000000000e+02 7.876999999999999558e-01 7.854000000000000981e-01 7.756999999999999451e-01 7.604999999999999538e-01 7.415999999999999259e-01 7.201000000000000734e-01 6.955999999999999961e-01
6.390000000000000000e+02 7.954999999999999849e-01 7.931999999999999051e-01 7.826000000000000734e-01 7.668000000000000371e-01 7.470999999999999863e-01 7.245999999999999108e-01 6.998999999999999666e-01
6.400000000000000000e+02 8.037000000000000810e-01 8.007999999999999563e-01 7.898000000000000576e-01 7.730000000000000204e-01 7.521999999999999797e-01 7.292000000000000703e-01 7.038999999999999702e-01
6.410000000000000000e+02 8.115999999999999881e-01 8.087999999999999634e-01 7.968999999999999417e-01 7.793000000000001037e-01 7.576999999999999291e-01 7.334999999999999298e-01 7.076000000000000068e-01
6.420000000000000000e+02 8.199999999999999512e-01 8.166999999999999815e-01 8.042000000000000259e-01 7.856000000000000760e-01 7.630000000000000115e-01 7.381999999999999673e-01 7.114000000000000323e-01
6.430000000000000000e+02 8.283000000000000362e-01 8.246999999999999886e-01 8.112999999999999101e-01 7.918999999999999373e-01 7.684000000000000830e-01 7.425000000000000488e-01 7.153000000000000469e-01
6.440000000000000000e+02 8.368999999999999773e-01 8.329999999999999627e-01 8.185999999999999943e-01 7.979999999999999316e-01 7.734999999999999654e-01 7.469000000000000083e-01 7.186000000000000165e-01
6.450000000000000000e+02 8.454000000000000403e-01 8.414000000000000368e-01 8.259999999999999565e-01 8.043000000000000149e-01 7.787999999999999368e-01 7.512999999999999678e-01 7.223000000000000531e-01
6.460000000000000000e+02 8.543999999999999373e-01 8.495999999999999108e-01 8.334000000000000297e-01 8.105999999999999872e-01 7.841000000000000192e-01 7.556999999999999273e-01 7.258000000000000007e-01
6.470000000000000000e+02 8.634000000000000563e-01 8.582999999999999519e-01 8.408999999999999808e-01 8.166999999999999815e-01 7.893000000000001126e-01 7.600000000000000089e-01 7.293000000000000593e-01
6.480000000000000000e+02 8.723999999999999533e-01 8.669000000000000039e-01 8.481999999999999540e-01 8.229000000000000759e-01 7.943000000000001171e-01 7.639000000000000234e-01 7.325000000000000400e-01
6.490000000000000000e+02 8.818000000000000282e-01 8.756000000000000449e-01 8.556999999999999051e-01 8.290999999999999481e-01 7.994999999999999885e-01 7.681000000000000050e-01 7.356000000000000316e-01
6.500000000000000000e+02 8.911000000000000032e-01 8.843999999999999639e-01 8.630999999999999783e-01 8.353000000000000425e-01 8.044999999999999929e-01 7.720999999999998975e-01 7.387999999999999012e-01
6.510000000000000000e+02 9.006000000000000671e-01 8.932999999999999829e-01 8.704000000000000625e-01 8.412000000000000588e-01 8.090999999999999304e-01 7.761000000000000121e-01 7.419000000000000039e-01
6.520000000000000000e+02 9.104000000000000981e-01 9.020999999999999019e-01 8.776999999999999247e-01 8.471999999999999531e-01 8.140999999999999348e-01 7.798000000000000487e-01 7.447000000000000286e-01
6.530000000000000000e+02 9.201999999999999069e-01 9.107999999999999430e-01 8.850999999999999979e-01 8.529000000000001025e-01 8.187000000000000943e-01 7.837000000000000632e-01 7.475000000000000533e-01
6.540000000000000000e+02 9.300000000000000488e-01 9.200000000000000400e-01 8.923000000000000931e-01 8.588999999999999968e-01 8.234000000000000208e-01 7.870000000000000329e-01 7.501999999999999780e-01
6.550000000000000000e+02 9.398999999999999577e-01 9.287999999999999590e-01 8.993999999999999773e-01 8.643000000000000682e-01 8.279000000000000803e-01 7.905999999999999694e-01 7.528000000000000247e-01
6.560000000000000000e+02 9.498000000000000886e-01 9.376000000000001000e-01 9.062999999999999945e-01 8.699999999999999956e-01 8.320999999999999508e-01 7.937999999999999501e-01 7.548999999999999044e-01
6.570000000000000000e+02 9.595999999999998975e-01 9.462000000000000410e-01 9.129999999999999227e-01 8.751999999999999780e-01 8.362999999999999323e-01 7.970000000000000417e-01 7.570999999999998842e-01
6.580000000000000000e+02 9.692000000000000615e-01 9.545000000000000151e-01 9.196999999999999620e-01 8.804000000000000714e-01 8.404000000000000359e-01 8.001000000000000334e-01 7.585999999999999410e-01
6.590000000000000000e+02 9.784000000000000474e-01 9.627000000000000002e-01 9.259999999999999343e-01 8.854000000000000759e-01 8.442000000000000615e-01 8.027999999999999581e-01 7.598000000000000309e-01
6.600000000000000000e+02 9.868999999999999995e-01 9.701999999999999513e-01 9.320000000000000506e-01 8.901000000000000023e-01 8.477999999999999980e-01 8.055999999999999828e-01 7.608000000000000318e-01
6.610000000000000000e+02 9.932999999999999607e-01 9.770999999999999686e-01 9.376000000000001000e-01 8.945000000000000728e-01 8.512000000000000677e-01 8.076000000000000956e-01 7.612999999999999767e-01
6.620000000000000000e+02 9.954999999999999405e-01 9.826999999999999069e-01 9.427999999999999714e-01 8.987000000000000544e-01 8.543999999999999373e-01 8.090999999999999304e-01 7.612000000000000988e-01
6.630000000000000000e+02 1.000000000000000000e+00 9.876999999999999114e-01 9.462999999999999190e-01 9.018999999999999240e-01 8.568999999999999950e-01 8.100000000000000533e-01 7.606000000000000538e-01
6.640000000000000000e+02 1.000000000000000000e+00 9.923999999999999488e-01 9.501000000000000556e-01 9.045000000000000817e-01 8.584999999999999298e-01 8.104999999999999982e-01 7.593000000000000860e-01
6.650000000000000000e+02 1.000000000000000000e+00 9.959999999999999964e-01 9.523000000000000353e-01 9.062000000000000055e-01 8.591999999999999638e-01 8.101000000000000423e-01 7.571999999999999842e-01
6.660000000000000000e+02 1.000000000000000000e+00 9.980999999999999872e-01 9.523999999999999133e-01 9.068000000000000504e-01 8.587000000000000188e-01 8.085999999999999854e-01 7.551000000000001044e-01
6.670000000000000000e+02 1.000000000000000000e+00 1.000000000000000000e+00 9.564000000000000279e-01 9.067000000000000615e-01 8.575000000000000400e-01 8.062000000000000277e-01 7.523999999999999577e-01
6.680000000000000000e+02 1.000000000000000000e+00 9.981999999999999762e-01 9.573000000000000398e-01 9.056999999999999496e-01 8.551000000000000822e-01 8.031000000000000361e-01 7.486000000000000432e-01
6.690000000000000000e+02 9.980999999999999872e-01 9.969999999999999973e-01 9.573000000000000398e-01 9.040000000000000258e-01 8.518999999999999906e-01 8.001000000000000334e-01 7.451000000000000956e-01
6.700000000000000000e+02 9.968000000000000194e-01 9.952999999999999625e-01 9.562999999999999279e-01 9.015999999999999570e-01 8.484999999999999210e-01 7.961000000000000298e-01 7.409000000000000030e-01
6.710000000000000000e+02 9.949999999999999956e-01 9.931999999999999718e-01 9.546999999999999931e-01 8.991999999999999993e-01 8.447999999999999954e-01 7.918000000000000593e-01 7.365000000000000435e-01
6.720000000000000000e+02 9.926999999999999158e-01 9.906999999999999140e-01 9.526000000000000023e-01 8.965000000000000746e-01 8.407999999999999918e-01 7.870000000000000329e-01 7.314000000000000501e-01
6.730000000000000000e+02 9.899000000000000021e-01 9.870999999999999774e-01 9.501000000000000556e-01 8.935999999999999499e-01 8.366999999999999993e-01 7.822000000000000064e-01 7.258000000000000007e-01
6.740000000000000000e+02 9.867000000000000215e-01 9.829999999999999849e-01 9.470999999999999419e-01 8.909000000000000252e-01 8.326000000000000068e-01 7.762999999999999901e-01 7.193999999999999284e-01
6.750000000000000000e+02 9.829000000000001069e-01 9.784000000000000474e-01 9.437000000000000943e-01 8.876000000000000556e-01 8.284000000000000252e-01 7.706000000000000627e-01 7.127000000000000002e-01
6.760000000000000000e+02 9.787000000000000144e-01 9.734999999999999210e-01 9.393000000000000238e-01 8.820000000000000062e-01 8.240000000000000657e-01 7.648999999999999133e-01 7.059000000000000830e-01
6.770000000000000000e+02 9.740999999999999659e-01 9.681999999999999496e-01 9.344000000000000083e-01 8.791999999999999815e-01 8.190999999999999392e-01 7.587999999999999190e-01 6.983000000000000318e-01
6.780000000000000000e+02 9.692000000000000615e-01 9.626000000000000112e-01 9.307999999999999607e-01 8.756999999999999229e-01 8.144000000000000128e-01 7.524999999999999467e-01 6.887999999999999678e-01
6.790000000000000000e+02 9.637999999999999901e-01 9.568000000000000949e-01 9.254999999999999893e-01 8.717000000000000304e-01 8.094000000000000083e-01 7.460999999999999854e-01 6.800000000000000488e-01
6.800000000000000000e+02 9.577999999999999847e-01 9.506000000000000005e-01 9.198000000000000620e-01 8.668000000000000149e-01 8.037000000000000810e-01 7.390000000000001013e-01 6.687000000000000721e-01
6.810000000000000000e+02 9.516000000000000014e-01 9.440999999999999392e-01 9.137000000000000677e-01 8.612999999999999545e-01 7.979000000000000536e-01 7.318000000000001171e-01 6.565999999999999615e-01
6.820000000000000000e+02 9.451000000000000512e-01 9.370999999999999330e-01 9.072999999999999954e-01 8.554999999999999272e-01 7.917000000000000703e-01 7.243999999999999329e-01 6.430000000000000160e-01
6.830000000000000000e+02 9.381000000000000449e-01 9.298999999999999488e-01 9.002000000000000002e-01 8.490999999999999659e-01 7.851000000000000201e-01 7.164000000000000368e-01 6.202000000000000846e-01
6.840000000000000000e+02 9.306999999999999718e-01 9.223000000000000087e-01 8.929000000000000270e-01 8.421999999999999487e-01 7.779000000000000359e-01 7.077999999999999847e-01 5.443999999999999950e-01
6.850000000000000000e+02 9.228000000000000647e-01 9.143000000000001126e-01 8.851999999999999869e-01 8.347999999999999865e-01 7.701999999999999957e-01 6.984999999999998987e-01 4.428000000000000269e-01
