460 0.799224042801529
461 0.800631153974168
462 0.801242264800937
463 0.802473995476925
464 0.805696496716748
465 0.808269469118707
466 0.809959885029369
467 0.811028555890931
468 0.812071153969638
469 0.815218356760089
470 0.817844032460096
471 0.820798083342523
472 0.824005387926337
473 0.827699782563521
474 0.830616437484676
475 0.832950395663989
476 0.835004809066749
477 0.836989490322039
478 0.838653632021987
479 0.839333141271614
480 0.840363304699484
481 0.841934595494403
482 0.843230908758389
483 0.842694148080473
484 0.843902639662976
485 0.844509310726373
486 0.845524467933605
487 0.846797543252894
488 0.848402438126830
489 0.850254707562708
490 0.850973607885404
491 0.852358570150653
492 0.853668864499818
493 0.856057615915172
494 0.856846548570483
495 0.858375639245242
496 0.858937556238742
497 0.860070316562764
498 0.859634188089188
499 0.859853607440499
500 0.860982160615252
501 0.861668787557396
502 0.861620881804194
503 0.861677041487883
504 0.861568656656743
505 0.862297340358124
506 0.863743404509591
507 0.864966725126642
508 0.866697801770498
509 0.868395108890891
510 0.869675260233207
610 0.925761668663855
611 0.926348805368637
612 0.926672378852206
613 0.926818317369223
614 0.927065936579836
615 0.927275445608893
616 0.927872075559370
617 0.927727773661331
618 0.927392262045099
619 0.927204502410375
620 0.927430532970020
621 0.927389190429913
622 0.927760400218713
623 0.928246907938982
624 0.928461997830540
625 0.928219450753746
626 0.928013412736145
627 0.927872584500609
628 0.928510014101178
629 0.929552257191899
630 0.930192041155437
631 0.930668908242407
632 0.931223429362807
633 0.931720422220795
634 0.932484992529080
635 0.933136499320575
636 0.933795651518738
637 0.934402248366705
638 0.934788031580648
639 0.934572335082067
640 0.935066713611346
641 0.934662012251828
642 0.934800676049196
643 0.934507631754800
644 0.933876914362759
645 0.933681759075477
646 0.932528260231121
647 0.932858217033651
648 0.933155189390825
649 0.933232734967096
650 0.933016943199178
651 0.933590280360089
652 0.933517597719589
653 0.933832885430751
654 0.934491262554087
655 0.935299074611000
656 0.936174773803629
657 0.936235414019177
658 0.936121472683021
659 0.935714943806290
660 0.936119867465178
661 0.935855121581272
662 0.935616470746836
663 0.934788092199120
664 0.934472072258968
665 0.933775122973810
666 0.933937816746854
667 0.933497085169575
668 0.932676615083403
669 0.932672819288103
670 0.931686894275933
671 0.931017455409569
672 0.930220953470030
673 0.930243805373748
674 0.929636569720947
675 0.929169482203974
676 0.928161606727464
677 0.926682818833227
678 0.925230849142061
679 0.923622731513698
680 0.922577049648894
681 0.921755320685746
682 0.921081203220280
683 0.919529814326443
684 0.917520596108433
685 0.915989433079513
686 0.914702690613973
687 0.913896541891264
688 0.912882415763645
689 0.911364355332264
690 0.909201711234834
