458.46212700841619 9.93182247302965
459.53328232593725 5.57122090929151
460.49732211170618 3.35133757923145
461.56847742922724 1.84504721470044
462.53251721499617 1.13160590644415
463.49655700076511 0.93352634248914
464.56771231828611 0.9336779997619
465.53175210405504 1.09238733570778
466.49579188982398 1.29073988275376
467.56694720734504 1.48910759552701
468.53098699311397 1.64781693147289
469.4950267788829 1.72723984521859
470.56618209640396 1.72739150249135
471.5302218821729 1.72752799403684
472.49426166794183 1.68802127448222
473.56541698546288 1.60888650955479
474.52945677123182 1.52973657890006
475.49349655700075 1.49022985934546
476.56465187452181 1.41109509441803
477.52869166029074 1.41123158596351
478.49273144605968 1.4510112886091
479.56388676358068 1.45116294588186
480.52792654934962 1.49094264852745
481.49196633511855 1.53072235117303
482.56312165263961 1.61016043064599
483.52716143840854 1.64994013329158
484.49120122417747 1.68971983593716
485.56235654169852 1.68987149320992
486.52639632746747 1.72965119585551
487.4904361132364 1.72978768740098
488.56159143075745 1.72993934467376
489.52563121652638 1.73007583621923
490.48967100229532 1.73021232776472
491.56082631981633 1.73036398503749
492.52486610558526 1.69085726548288
493.48890589135424 1.69099375702837
494.56006120887525 1.65150220320103
495.52410099464419 1.65163869474652
496.48814078041312 1.651775186292
497.55929609793418 1.65192684356476
498.52333588370311 1.69170654621035
499.48737566947204 1.73148624885594
500.55853098699311 1.7712811172288
501.52257077276204 1.81106081987437
502.48661055853097 1.81119731141986
503.55776587605202 1.81134896869262
504.52180566182095 1.81148546023811
505.4858454475899 1.8116219517836
506.55700076511095 1.69284397575607
507.52104055087988 1.61369404510136
508.48508033664881 1.49490090334655
509.55623565416983 1.5346957717194
510.52027543993876 1.65376189656519
511.48431522570769 2.01068728801157
512.55547054322869 2.60548711178582
513.51951032899774 3.47777424753348
514.48355011476667 4.70685028318204
515.55470543228762 6.60987607325956
516.51874521805655 8.8696755975107
516.94720734506495 9.90045974902238
