452.67788829380259 9.92094861660079
453.7490436113236 8.10276679841897
454.71308339709253 6.6403162055336
455.78423871461358 5.33596837944664
456.74827850038253 4.38735177865613
457.71231828615146 3.63636363636364
458.78347360367251 2.96442687747036
459.74751338944144 2.56916996047431
460.71155317521037 2.29249011857708
461.78270849273144 2.09486166007905
462.74674827850037 1.97628458498024
463.7107880642693 1.89723320158103
464.78194338179031 1.89723320158103
465.7459831675593 1.89723320158103
466.71002295332823 1.89723320158103
467.78117827084924 1.93675889328063
468.74521805661817 1.97628458498024
469.7092578423871 1.97628458498024
470.78041315990815 1.97628458498024
471.7444529456771 1.97628458498024
472.70849273144603 1.97628458498024
473.77964804896708 1.97628458498024
474.74368783473601 1.97628458498024
475.70772762050494 1.97628458498024
476.77888293802602 1.97628458498024
477.74292272379494 1.97628458498024
478.70696250956387 1.97628458498024
479.77811782708488 1.97628458498024
480.74215761285381 1.97628458498024
481.70619739862274 2.01581027667984
482.77735271614381 2.01581027667984
483.74139250191274 2.01581027667984
484.70543228768167 2.05533596837945
485.77658760520274 2.05533596837945
486.74062739097167 2.09486166007905
487.7046671767406 2.09486166007905
488.77582249426165 2.13438735177866
489.73986228003058 2.13438735177866
490.70390206579953 2.13438735177866
491.77505738332059 2.13438735177866
492.73909716908951 2.09486166007905
493.70313695485844 2.09486166007905
494.77429227237945 2.05533596837945
495.73833205814844 2.01581027667984
496.70237184391737 1.97628458498024
497.77352716143838 1.93675889328063
498.73756694720731 1.89723320158103
499.70160673297624 1.85770750988142
500.77276205049731 1.81818181818182
501.73680183626624 1.77865612648221
502.70084162203517 1.73913043478261
503.77199693955623 1.73913043478261
504.73603672532515 1.73913043478261
505.7000765110941 1.77865612648221
506.77123182861509 1.77865612648221
507.73527161438402 1.85770750988142
508.69931140015301 1.89723320158103
509.77046671767402 2.01581027667984
510.73450650344295 2.13438735177866
511.69854628921188 2.25296442687747
512.76970160673295 2.41106719367589
513.73374139250188 2.60869565217391
514.69778117827081 2.80632411067194
515.76893649579188 3.04347826086957
516.73297628156081 3.28063241106719
517.69701606732974 3.51778656126482
518.7681713848508 3.79446640316204
519.73221117061972 4.03162055335968
