610.12240691535976 7.43460764587525
611.24271762982073 6.67002012072435
612.22253380912662 6.06639839034205
613.20263041664623 5.42253521126761
614.18160531131036 4.93963782696177
615.16029977776066 4.49698189134809
616.13843338778315 4.13480885311871
617.25650067653316 3.69215291750503
618.23407343012786 3.41046277665996
619.21164618372256 3.12877263581489
620.18893850910342 2.88732394366197
621.16595040627044 2.68611670020121
622.1426818752235 2.5251509054326
623.25878616647628 2.36418511066398
624.2352372072155 2.24346076458752
625.21140781974077 2.16297786720322
626.1872980040522 2.12273641851107
627.16346861657757 2.04225352112676
628.139358800889 2.00201207243461
629.25434137928619 2.00201207243461
630.22995113538377 2.00201207243461
631.20556089148135 2.00201207243461
632.18145107579278 1.96177062374245
633.15678040367641 2.00201207243461
634.13239015977399 2.00201207243461
635.24709230995734 2.04225352112676
636.22270206605492 2.04225352112676
637.19803139393855 2.08249496981891
638.17336072182229 2.12273641851107
639.14897047791987 2.12273641851107
640.12458023401734 2.12273641851107
641.23956281241465 2.12273641851107
642.21517256851212 2.12273641851107
643.1907823246097 2.12273641851107
644.16639208070728 2.12273641851107
645.14200183680486 2.12273641851107
646.25698441520206 2.12273641851107
647.23259417129964 2.12273641851107
648.20820392739722 2.12273641851107
649.18409411170865 2.08249496981891
650.15998429602007 2.04225352112676
651.13559405211765 2.04225352112676
652.25085705872868 2.00201207243461
653.22674724304011 1.96177062374245
654.20263742735165 1.9215291750503
655.17852761166307 1.88128772635815
656.1544177959745 1.841046277666
657.13030798028592 1.80080482897384
658.24529055868311 1.80080482897384
659.22118074299465 1.76056338028169
660.19679049909212 1.76056338028169
661.1724002551897 1.76056338028169
662.14829043950112 1.72032193158954
663.12390019559871 1.72032193158954
664.23916320220985 1.68008048289738
665.21477295830732 1.68008048289738
666.19066314261886 1.63983903420523
667.16627289871633 1.63983903420523
668.14188265481391 1.63983903420523
669.25658480499726 1.68008048289738
670.23219456109484 1.68008048289738
671.20780431719243 1.68008048289738
672.18313364507605 1.72032193158954
673.15874340117364 1.72032193158954
674.13407272905738 1.76056338028169
675.24877487924061 1.80080482897384
676.22410420712436 1.841046277666
677.19971396322194 1.841046277666
678.17504329110557 1.88128772635815
679.15037261898919 1.9215291750503
680.12570194687294 1.96177062374245
681.24040409705628 2.00201207243461
682.21545299672607 2.08249496981891
683.1907823246097 2.12273641851107
684.16611165249344 2.16297786720322
685.14116055216323 2.24346076458752
686.25586270234658 2.28370221327968
687.2311920302302 2.32394366197183
688.20652135811383 2.36418511066398
689.18157025778373 2.44466800804829
690.15689958566736 2.48490945674044
691.13222891355099 2.5251509054326
692.24693106373434 2.56539235412475
693.22226039161808 2.6056338028169
694.19758971950171 2.64587525150905
695.17291904738545 2.68611670020121
696.14852880348292 2.68611670020121
697.12385813136666 2.72635814889336
698.23856028155001 2.76659959758551
699.21417003764759 2.76659959758551
699.4929156822468 2.76659959758551
