613.06738962044926 9.97885064063701
614.18280402788537 7.68471401608723
615.15879163439195 6.11497022413334
616.13477924089852 4.70619222694804
617.1107668474051 3.6998287166843
618.08675445391168 2.85443100118916
619.20216886134778 2.1699523243255
620.17815646785436 1.72696909575189
621.15414407436094 1.5254345593312
622.13013168086752 1.44462436898696
623.1061192873741 1.40405562733488
624.08210689388068 1.4439697830671
625.19752130131678 1.60456152873865
626.17350890782336 1.76520003054733
627.14949651432994 1.88559708366387
628.12548412083652 2.0059941367804
629.1014717273431 2.24711553597339
630.07745933384967 2.28702969170561
631.19287374128578 2.48786288606932
632.16886134779236 2.60825993918584
633.14484895429894 2.64817409491806
634.12083656080551 2.72832969934245
635.09682416731209 2.72800240638252
636.07281177381867 2.7276751134226
637.18822618125478 2.72730106432554
638.16421378776135 2.68673232267344
639.14020139426793 2.60592213232922
640.11618900077451 2.56535339067714
641.09217660728109 2.44430175164075
642.06816421378767 2.36349156129652
643.18357862122377 2.28263461481515
644.15956622773035 2.16158297577876
645.13555383423693 2.12101423412668
646.11154144074362 2.04020404378245
647.0875290472502 1.95939385343821
648.20294345468619 1.87853690695685
649.17893106119277 1.83796816530476
650.15491866769946 1.83764087234483
651.13090627420604 1.79707213069275
652.10689388071262 1.79674483773283
653.0828814872192 1.7964175447729
654.1982958946553 1.83628494436799
655.17428350116188 1.87619910010021
656.15027110766846 1.87587180714029
657.12625871417504 1.95602741156465
658.10224632068162 1.99594156729689
659.07823392718819 2.07609717172127
660.1936483346243 2.15620602000851
661.16963594113088 2.23636162443288
662.14562354763745 2.31651722885726
663.12161115414403 2.35643138458949
664.09759876065061 2.43658698901387
665.07358636715719 2.47650114474609
666.1890007745933 2.51636854434118
667.16498838109987 2.5562827000734
668.14097598760645 2.55595540711348
669.11696359411303 2.55562811415355
670.09295120061961 2.55530082119362
671.06893880712619 2.51473207954154
672.18435321456229 2.47411658175233
673.16034082106887 2.43354784010024
674.13632842757545 2.39297909844816
675.11231603408203 2.31216890810393
676.08830364058861 2.2313587177597
677.20371804802471 2.19074321997048
678.17970565453129 2.10993302962625
679.15569326103787 1.98888139058986
680.13168086754445 1.94831264893778
681.10766847405102 1.90774390728569
682.0836560805576 1.90741661432577
683.19907048799381 1.90704256522871
684.17505809450039 1.94695672096093
685.15104570100698 2.02711232538531
686.12703330751356 2.18775082719399
687.10302091402014 2.38863077769483
688.07900852052671 2.62975217688782
689.19442292796282 3.07203406340444
690.1704105344694 3.55460415475035
691.14639814097598 4.03717424609625
692.12238574748255 4.60022723482646
693.09837335398913 5.24376312094098
694.07436096049571 6.00802335313196
695.18977536793182 7.05392697003087
696.16576297443839 8.01939444568262
697.14175058094497 9.30679351087158
697.56003098373343 9.87003352415031
