630.2426529500201 90.65155807365439
631.27166190702917 90.50991501416431
632.30067086403824 90.36827195467421
633.25612336646839 90.22662889518413
634.28591373057281 90.22662889518413
635.31492268758188 90.08498583569406
636.27037519001215 89.94334277620396
637.30016555411657 89.94334277620396
638.25639946364207 89.94334277620396
639.28618982774651 89.94334277620396
640.31598019185104 89.94334277620396
641.27299550847192 90.08498583569406
642.30278587257646 90.08498583569406
643.25980118919733 90.22662889518413
644.29037296039724 90.36827195467421
645.2473882770181 90.50991501416431
646.27874145531337 90.79320113314448
647.30931322651315 90.93484419263455
648.26632854313414 91.07648725212465
649.2976817214294 91.35977337110481
650.25469703805027 91.5014164305949
651.28605021634553 91.78470254957507
652.24384694006187 92.06798866855524
653.27520011835713 92.3512747875354
654.30655329665228 92.63456090651557
655.26356861327326 92.77620396600566
656.29492179156841 93.05949008498584
657.25271851528476 93.342776203966
658.28329028648466 93.48441926345609
659.31464346477981 93.76770538243625
660.27244018849615 94.05099150141643
661.30223055260058 94.05099150141643
662.25924586922156 94.19263456090651
663.28981764042146 94.33427762039659
664.24683295704233 94.47592067988668
665.27662332114676 94.47592067988668
666.3064136852513 94.47592067988668
667.26186618768144 94.33427762039659
668.29009373759516 94.05099150141643
669.24554624002531 93.90934844192634
670.27377378993901 93.62606232294617
671.30121993275725 93.20113314447592
672.25510962099667 92.77620396600566
673.2825557638149 92.3512747875354
674.3092204995379 91.78470254957507
675.2615473735865 91.07648725212465
676.28743070221401 90.36827195467421
677.31331403084152 89.66005665722379
678.2640780906994 88.6685552407932
679.28918001223155 87.81869688385268
680.23994407208943 86.82719546742209
