468.32807955137558 91.22475339832185
469.36537556540395 90.88812901780925
470.35749552767618 90.55146833964942
471.35019988206898 90.3272940702893
472.34231984434119 89.99063339212947
473.33443980661343 89.65397271396963
474.3723202127623 89.42983474225676
475.36560895927568 89.31814688169635
476.3588977057891 89.20645902113594
477.35218645230248 89.09477116057552
478.34547519881585 88.98308330001511
479.34051712169099 89.20885466585383
480.33439026032494 89.20965321409314
481.32943218320008 89.43542457993186
482.37023454995187 89.77371865221754
483.36586086494753 90.11197642685597
484.36207157206383 90.56272061029412
485.35828227918012 91.01346479373227
486.35449298629641 91.46420897717041
487.35128808553327 92.02743956940827
488.3474987926495 92.47818375284641
489.34429389188637 93.04141434508426
490.34108899112323 93.60464493732211
491.33729969823952 94.05538912076027
492.33351040535581 94.50613330419841
493.32913672035153 94.84439107883685
494.36935469498275 95.07019874232282
495.36439661785784 95.29597010816154
496.35768536437121 95.18428224760112
497.35097411088464 95.07259438704072
498.34309407315686 94.73593370888089
499.33462964330846 94.28678662192134
500.37017248097504 93.61270301500961
501.35937048264441 92.71361029285123
502.34856848431372 91.81451757069284
503.33601330962131 90.57796562213531
504.36746540244383 89.11647715362561
505.17479041284764 87.99226642327883
