0.8587293331676649
0.858294240277649
0.8579426969511461
0.8583524833365391
0.8593418104226378
0.8601148877792847
0.8599203845473549
0.8601233219199984
0.8614956653639891
0.8622308052183361
0.8617765315674452
0.8623351431739535
0.8621773645018651
0.8592862566319658
0.8567449762584795
0.8542067077820142
0.8517253563204321
0.8490289879384936
0.8469541195016537
0.8440905267254829
0.8433238956226997
0.8410484936011411
0.8403655482610871
0.8401751432505032
0.8411844235044293
0.8421543135167384
0.844697362830203
0.8461852578667137
0.8470557061799615
0.8481438779396028
0.8505815175911056
0.8538265467169073
0.8540245005274532
0.8552506722443914
0.8552009887108998
0.8541976621095682
0.8525386955502968
0.8470499966776874
0.845595463988342
0.8443300605396887
0.8432917851277227
0.8418325482643011
0.8414644295810193
0.8412367220695424
0.8411854632814034
0.8428533609365979
0.8441650249813978
0.845254152769846
0.8469272104050205
0.8461959684239305
0.8453153617221222
0.8985410335830685
0.8991031997361312
0.9002770008434733
0.9023197685461178
0.9030490845937631
0.904670955868972
0.9059234844468456
0.9081484131324039
0.9109391958551263
0.9124677420612338
0.9147187038529426
0.9158606137718578
0.9176815521582046
0.9185721460361024
0.9191222288109293
0.9196297818902335
0.9202589763404622
0.9195066252242834
0.9193618826905391
0.9187306648728587
0.9166389915201973
0.9160668965933383
0.9128234236537198
0.9107534236203494
0.9079276850633827
0.9051277185598967
0.9031494972425229
0.9023940582358148
0.9008242079739248
0.9009637766270657
0.8988186232484358
0.8996077420356084
0.9001513218954518
0.9000550672635224
0.900224230120881
0.9005803528879585
0.8997663199994576
0.9002536187865011
0.9011671974545403
0.9018245750786748
0.9035142846430919
0.9048935522783024
0.9057272528894668
0.9019173554614045
0.9041583245028099
0.9047091858098179
0.9061460976851331
0.9070927157598325
0.9070432491916446
0.9081275059428308
0.9076614553638479
0.906752300883427
0.906066083122348
0.9095092837128441
0.9089489710636582
0.9088820110686515
0.9082886613058841
0.9079401433583749
0.9069454203538748
0.906086621274362
0.9064061621397037
0.9046909562025325
0.9040957904618484
0.903173553381563
0.9022130831132374
0.8999045191037972
0.8978481090094069
0.8957124378675422
0.8943244513215833
0.8918995735479242
0.8890824381115053
0.8882472134588384
0.8858282189054647
0.8843137865234711
0.8830336965272219
0.8820243690760088
0.8813049736967662
0.8810997636193998
0.8796255211198335
0.8797835224122182
0.8794592924653528