350	57.5426
351	59.8606
352	64.9247
353	66.7782
354	70.0373
355	68.9036
356	74.6647
357	71.1028
358	71.7308
359	64.9292
360	59.4388
361	49.4751
362	41.011
363	37.0772
364	42.9257
365	57.7485
366	69.3623
367	77.9144
368	79.902
369	82.0302
370	84.1645
371	84.3001
372	83.9107
373	80.0845
374	74.2896
375	66.4505
376	54.6061
377	44.0006
378	38.9462
379	43.9447
380	54.8892
381	66.6943
382	79.299
383	83.0707
384	87.2789
385	88.8596
386	89.2467
387	91.0674
388	89.6837
389	87.0476
390	82.7357
391	76.5941
392	69.205
393	60.4966
394	54.0417
395	54.0757
396	60.6936
397	71.2765
398	80.96
399	87.7033
400	92.4582
401	94.2396
402	95.0107
403	96.292
404	95.6228
405	95.6367
406	94.9078
407	93.1421
408	91.3817
409	89.0017
410	87.483
411	86.9644
412	88.1456
413	91.8959
414	95.5905
415	97.5645
416	97.9368
417	98.4342
418	98.3556
419	99.1559
420	98.7527
421	99.6847
422	98.892
423	99.5322
424	99.4283
425	99.6045
426	99.3985
427	99.8817
428	99.2757
429	99.4767
430	99.0985
431	99.3173
432	99.4055
433	99.5916
434	99.5322
435	99.6035
436	99.051
437	99.6075
438	99.2589
439	99.7223
440	99.2481
441	99.4619
442	99.7708
443	99.5183
444	99.6104
445	99.5718
446	99.5857
447	99.7223
448	99.5005
449	99.6223
450	99.6253
451	99.6797
452	99.7075
453	99.5985
454	99.5104
455	100.1113
456	99.9133
457	99.8133
458	99.9471
459	99.4945
460	100.0905
461	99.5945
462	99.5629
463	99.5718
464	99.3669
465	100.0025
466	99.7173
467	99.8193
468	99.4867
469	99.4897
470	99.2916
471	99.7055
472	99.7005
473	99.4015
474	99.6143
475	99.7351
476	99.5471
477	99.6055
478	99.7065
479	99.7609
480	99.4817
481	99.7104
482	99.7431
483	99.4025
484	99.6015
485	99.9253
486	99.6015
487	99.8113
488	99.8471
489	99.551
490	99.8302
491	99.7133
492	99.9589
493	99.6045
494	99.8153
495	99.7114
496	99.4253
497	99.5549
498	99.5055
499	99.5025
500	99.6679
501	99.5035
502	99.6699
503	99.3718
504	99.7283
505	99.5945
506	99.6589
507	99.5243
508	99.6737
509	99.8579
510	99.4401
511	99.5312
512	99.3539
513	99.3935
514	99.5124
515	99.3549
516	99.3619
517	99.2421
518	99.3263
519	99.2095
520	99.4877
521	99.4471
522	99.3916
523	99.3491
524	99.1797
525	99.2411
526	99.5005
527	99.2985
528	99.1689
529	99.1322
530	99.4183
531	99.3837
532	99.1619
533	99.2143
534	98.9317
535	99.2728
536	99.0051
537	98.923
538	99.0718
539	98.7256
540	98.8048
541	98.853
542	98.6488
543	98.2996
544	98.195
545	97.8874
546	97.7386
547	97.5732
548	97.2179
549	96.7202
550	96.2232
551	95.2839
552	94.4754
553	93.6058
554	92.101
555	91.0778
556	89.1844
557	87.2133
558	84.8258
559	82.2106
560	78.91
561	75.2003
562	71.4208
563	66.7959
564	61.9329
565	56.8254
566	51.3612
567	45.7352
568	40.2234
569	34.5486
570	29.0822
571	23.9473
572	19.2881
573	15.2425
574	11.6861
575	8.8281
576	6.5082
577	4.7
578	3.3461
579	2.4051
580	1.7489
581	1.3399
582	1.0762
583	0.9237
584	0.8459
585	0.8103
586	0.7954
587	0.7794
588	0.7678
589	0.7453
590	0.7228
591	0.6786
592	0.6402
593	0.5923
594	0.5434
595	0.4929
596	0.441
597	0.3939
598	0.3504
599	0.307
600	0.2728
601	0.248
602	0.2238
603	0.2086
604	0.1976
605	0.1934
606	0.192
607	0.1985
608	0.2029
609	0.2082
610	0.2246
611	0.2317
612	0.246
613	0.2548
614	0.2692
615	0.2771
616	0.2885
617	0.2959
618	0.3024
619	0.3099
620	0.3096
621	0.3131
622	0.3159
623	0.3098
624	0.3077
625	0.3031
626	0.2988
627	0.289
628	0.2786
629	0.2736
630	0.2573
631	0.2493
632	0.2396
633	0.2243
634	0.2115
635	0.2004
636	0.1903
637	0.1804
638	0.1689
639	0.1588
640	0.1482
641	0.1393
642	0.1322
643	0.1239
644	0.1175
645	0.1099
646	0.1018
647	0.0981
648	0.0962
649	0.0926
650	0.0913
651	0.0888
652	0.0862
653	0.0861
654	0.0864
655	0.0876
656	0.088
657	0.0883
658	0.093
659	0.0952
660	0.0999
661	0.1016
662	0.1021
663	0.1068
664	0.1119
665	0.1163
666	0.1192
667	0.1227
668	0.1293
669	0.1332
670	0.1386
671	0.1428
672	0.1484
673	0.1526
674	0.1585
675	0.1629
676	0.1659
677	0.1691
678	0.1757
679	0.1763
680	0.1826
681	0.1852
682	0.19
683	0.1931
684	0.1973
685	0.202
686	0.2024
687	0.2045
688	0.2066
689	0.2074
690	0.2112
691	0.2094
692	0.2106
693	0.2101
694	0.2127
695	0.2141
696	0.2109
697	0.2125
698	0.2112
699	0.2077
700	0.2047
701	0.2006
702	0.2014
703	0.1959
704	0.1907
705	0.1894
706	0.185
707	0.1796
708	0.1764
709	0.1685
710	0.1614
711	0.1584
712	0.1486
713	0.1427
714	0.1385
715	0.1336
716	0.1324
717	0.1244
718	0.1217
719	0.1137
720	0.1094
721	0.1093
722	0.106
723	0.1061
724	0.105
725	0.1082
726	0.1101
727	0.1125
728	0.1222
729	0.1269
730	0.1382
731	0.1457
732	0.1566
733	0.1731
734	0.1851
735	0.2007
736	0.2247
737	0.2443
738	0.2654
739	0.2886
740	0.3189
741	0.3468
742	0.3791
743	0.4109
744	0.4453
745	0.4816
746	0.5186
747	0.5646
748	0.6001
749	0.65
750	0.69
751	0.7347
752	0.7837
753	0.8281
754	0.8845
755	0.9393
756	0.9838
757	1.034
758	1.0897
759	1.1324
760	1.1847
761	1.2326
762	1.2844
763	1.3333
764	1.3717
765	1.4251
766	1.4749
767	1.5209
768	1.5607
769	1.5903
770	1.6291
771	1.661
772	1.6904
773	1.7172
774	1.7396
775	1.7581
776	1.7767
777	1.801
778	1.7948
779	1.8025
780	1.8022
781	1.7957
782	1.8003
783	1.7874
784	1.7707
785	1.7579
786	1.7218
787	1.7069
788	1.6608
789	1.6343
790	1.5935
791	1.5533
792	1.5043
793	1.4506
794	1.3974
795	1.3522
796	1.2928
797	1.2281
798	1.1698
799	1.114
800	1.05
801	0.9924
802	0.9295
803	0.863
804	0.8004
805	0.733
806	0.6774
807	0.6148
808	0.5572
809	0.5075
810	0.4575
811	0.4124
812	0.3663
813	0.3251
814	0.3016
815	0.2715
816	0.2572
817	0.2491
818	0.2435
819	0.2535
820	0.2632
821	0.2926
822	0.3294
823	0.3775
824	0.43
825	0.5006
826	0.5805
827	0.6777
828	0.7802
829	0.8998
830	1.0314
831	1.1828
832	1.3326
833	1.509
834	1.6734
835	1.8735
836	2.0783
837	2.3184
838	2.5366
839	2.793
840	3.0811
841	3.3464
842	3.6716
843	3.9668
844	4.2573
845	4.6088
846	4.9634
847	5.3222
848	5.7539
849	6.0866
850	6.4948
851	6.8998
852	7.3126
853	7.6823
854	8.129
855	8.577
856	8.9942
857	9.4749
858	9.9634
859	10.3962
860	10.8566
861	11.3801
862	11.7876
863	12.2751
864	12.618
865	13.1339
866	13.587
867	14.0696
868	14.5434
869	14.9552
870	15.5444
871	15.6786
872	16.3753
873	16.7433
874	17.1232
875	17.7274
876	17.979
877	18.6718
878	18.954
879	19.1948
880	19.5292
881	19.7243
882	20.6464
883	20.4926
884	20.5222
885	21.1253
886	20.6681
887	21.8513
888	21.2376
889	21.3091
890	21.6731
891	21.7125
892	21.1792
893	21.3561
894	21.1344
895	21.4036
896	21.193
897	21.4928
898	21.1048
899	20.8622
900	19.917
901	19.5637
902	18.9657
903	21.6095
904	20.338
905	18.7722
906	21.6994
907	20.7146
908	21.5236
909	18.6909
910	19.631
911	19.1625
912	19.2076
913	20.198
914	18.4759
915	20.0118
916	16.7607
917	18.3325
918	18.1441
919	18.1371
920	18.6104
921	19.8221
922	19.2082
923	17.3613
924	19.4014
925	21.2279
926	21.2401
927	17.4325
928	18.1023
929	17.8334
930	17.9644
931	18.5506
932	20.382
933	18.8827
934	16.8762
935	16.6267
936	19.1134
937	15.9768
938	17.8484
939	16.973
940	18.7405
941	18.4901
942	17.109
943	15.5601
944	17.5026
945	17.3953
946	16.175
947	15.2381
948	15.2471
949	17.2152
950	15.7364
951	12.1212
952	13.8305
953	13.6249
954	16.3743
955	14.6692
956	13.6296
957	14.1811
958	14.0926
959	13.0624
960	16.253
961	13.5536
962	15.5937
963	14.7824
964	15.7235
965	15.7889
966	16.1766
967	15.9466
968	16.0612
969	17.3797
970	16.9006
971	16.1985
972	16.368
973	15.4368
974	16.1854
975	15.1673
976	15.0888
977	14.9985
978	14.378
979	14.4081
980	13.6554
981	13.9083
982	13.6035
983	13.67
984	12.9547
985	13.1234
986	12.5404
987	12.8927
988	11.9625
989	12.1417
990	11.7583
991	11.6755
992	11.5489
993	11.5603
994	11.3
995	11.3218
996	10.842
997	10.8815
998	10.6199
999	10.6493
1000	10.6426
1001	10.4311
1002	10.3546
1003	10.2769
1004	10.1309
1005	10.2933
1006	10.1719
1007	10.0173
1008	9.996
1009	10.0088
1010	10.1672
1011	10.0801
1012	10.5032
1013	10.3772
1014	10.4191
1015	10.3442
1016	10.5051
1017	10.5677
1018	10.8853
1019	11.0313
1020	11.1211
1021	11.1388
1022	11.3795
1023	11.2202
1024	11.8566
1025	11.6929
1026	12.1117
1027	11.9861
1028	12.2884
1029	12.265
1030	12.8797
1031	12.9162
1032	13.0707
1033	13.1885
1034	13.7215
1035	14.0486
1036	14.4805
1037	14.4153
1038	14.6745
1039	14.617
1040	15.0593
1041	15.4455
1042	15.3194
1043	15.6661
1044	16.4375
1045	16.5176
1046	16.3809
1047	16.306
1048	17.0495
1049	17.0934
1050	17.3966
1051	18.0576
1052	17.6618
1053	17.8549
1054	19.1788
1055	18.1431
1056	18.536
1057	19.4938
1058	18.6494
1059	19.7857
1060	19.1846
1061	19.6466
1062	19.9261
1063	19.2438
1064	19.687
1065	21.5968
1066	20.432
1067	21.7728
1068	20.7702
1069	21.114
1070	22.1782
1071	23.2878
1072	21.9032
1073	21.7817
1074	20.1483
1075	22.5738
1076	24.6452
1077	22.8138
1078	23.1136
1079	22.288
1080	24.2977
1081	19.6466
1082	19.9261
1083	19.2438
1084	19.687
1085	21.5968
1086	20.432
1087	21.7728
1088	20.7702
1089	21.114
1090	22.1782
1091	23.2878
1092	21.9032
1093	21.7817
1094	20.1483
1095	22.5738
1096	24.6452
1097	22.8138
1098	23.1136
1099	22.288
1100	24.2977
