456.96250956388673 9.97125336394788
458.03366488140779 6.16565675561113
458.99770466717672 3.47005489234988
460.06885998469778 1.88447810561867
461.03289977046671 1.25032321956257
461.99693955623565 1.05224365560757
463.06809487375665 1.13168173508053
464.03213465952558 1.33003428212651
464.99617444529457 1.56803004027259
466.06732976281558 1.76639775304585
467.03136954858451 1.92510708899173
467.99540933435344 2.00453000273741
469.0665646518745 2.04432487111028
470.03060443764343 2.00481815155566
470.99464422341237 1.96531143200104
472.06579954093343 1.88617666707361
473.02983932670236 1.8070267364189
473.99387911247129 1.72787680576419
475.06503442999235 1.68838525193684
476.02907421576128 1.64887853238224
476.99311400153022 1.64901502392773
478.06426931905122 1.64916668120049
479.02830910482021 1.64930317274597
479.99234889058914 1.68908287539156
481.06350420811015 1.76852095486452
482.02754399387908 1.8479438686102
482.99158377964801 1.88772357125579
484.06273909716907 1.92751843962865
485.026778882938 1.92765493117414
485.99081866870694 1.92779142271963
487.061973986228 1.92794307999239
488.02601377199693 1.92807957153787
488.99005355776586 1.88857285198325
490.06120887528687 1.84908129815592
491.02524866105585 1.84921778970141
491.98928844682479 1.8097110701468
493.06044376434579 1.80986272741956
494.02448355011472 1.80999921896504
494.98852333588366 1.81013571051053
496.05967865340472 1.84993057888339
497.02371843917365 1.88971028152898
497.98775822494258 1.92948998417455
499.05891354246364 1.92964164144733
500.02295332823257 1.96942134409291
500.98699311400151 2.0092010467385
502.05814843152257 2.00935270401126
503.0221882172915 1.96984598445665
503.98622800306043 1.89069605380193
505.05738332058149 1.8115612888745
506.02142310635043 1.77205456931988
506.98546289211936 1.65326142756507
508.05661820964036 1.57412666263764
509.02065799540929 1.45533352088283
509.98469778117828 1.37618359022811
511.05585309869929 1.33669203640078
512.01989288446828 1.45575816124656
512.98393267023721 1.65411070829254
514.05508798775827 2.16962410986659
515.01912777352709 2.88333840121386
515.98316755929613 3.99348480356213
517.05432287681708 5.61900811593895
518.01836266258601 7.60130516248939
518.87528691660293 9.94037594321345
