615.15879163439195 9.97814929858002
616.27420604182794 7.64377122533809
617.25019364833462 6.11426888207635
618.2261812548412 4.86645667965968
619.20216886134778 3.77961027201162
620.17815646785436 2.85372965913217
621.29357087529047 2.16925098226851
622.26955848179705 1.76650920238706
623.24554608830363 1.52473321727421
624.2215336948102 1.40368157823782
625.19752130131678 1.36311283658574
626.17350890782336 1.36278554362581
627.28892331525947 1.40265294322091
628.26491092176605 1.52304999633744
629.24089852827262 1.64344704945397
630.2168861347792 1.76384410257049
631.19287374128578 1.88424115568703
632.16886134779236 1.96439676011139
633.28427575522846 2.0847470570908
634.26026336173504 2.16490266151518
635.23625096824162 2.24505826593956
636.2122385747482 2.28497242167178
637.18822618125478 2.28464512871184
638.16421378776135 2.28431783575192
639.27962819519746 2.28394378665486
640.25561580170404 2.24337504500278
641.23160340821062 2.2028063033507
642.2075910147172 2.12199611300647
643.18357862122377 2.04118592266223
644.15956622773035 2.00061718101015
645.27498063516646 1.91976023452878
646.25096824167304 1.83895004418454
647.22695584817961 1.79838130253247
648.20294345468619 1.71757111218824
649.17893106119277 1.67700237053615
650.29434546862888 1.63638687274694
651.27033307513557 1.59581813109486
652.24632068164215 1.59549083813493
653.22230828814872 1.595163545175
654.1982958946553 1.59483625221507
655.17428350116188 1.63475040794729
656.28969790859799 1.67461780754238
657.26568551510456 1.7145319632746
658.24167312161114 1.79468756769899
659.21766072811772 1.87484317212337
660.1936483346243 1.91475732785559
661.16963594113088 1.99491293227997
662.28505034856698 2.11526322925937
663.26103795507356 2.19541883368374
664.23702556158014 2.23533298941597
665.21301316808672 2.27524714514819
666.1890007745933 2.35540274957257
667.16498838109987 2.3953169053048
668.28040278853598 2.43518430489989
669.25639039504256 2.47509846063211
670.23237800154914 2.47477116767218
671.20836560805571 2.47444387471226
672.18435321456229 2.47411658175233
673.16034082106887 2.43354784010024
674.27575522850498 2.39293234231103
675.25174283501156 2.3121221519668
676.22773044151813 2.23131196162256
677.20371804802471 2.19074321997048
678.17970565453129 2.10993302962625
679.2951200619674 1.98883463445273
680.27110766847397 1.90802444410849
681.24709527498055 1.82721425376426
682.22308288148713 1.74640406342002
683.19907048799381 1.66559387307579
684.17505809450039 1.62502513142371
685.29047250193639 1.62465108232665
686.26646010844297 1.62432378936672
687.24244771494955 1.66423794509894
688.21843532145624 1.78463499821548
689.19442292796282 1.98551494871631
690.1704105344694 2.18639489921715
691.2858249419055 2.54819388834946
692.26181254841208 2.91003963361891
693.23780015491866 3.35236827627266
694.21378776142524 3.91542126500288
695.18977536793182 4.51871570242524
696.16576297443839 5.20249303723191
697.2811773818745 6.24839665413083
698.25716498838108 7.17362268109042
699.23315259488766 8.17933160543431
699.79085979860565 8.74252486257592
