453.96327467482786 9.97082872358415
455.03442999234886 8.10774945915225
455.99846977811779 6.64108713999406
457.06962509563886 5.29336961986345
458.03366488140779 4.34206904500657
458.99770466717672 3.50969810344998
460.06885998469778 2.83591517202105
461.03289977046671 2.39997634146545
461.99693955623565 2.08296714421014
463.06809487375665 1.88490274598241
464.03213465952558 1.7661096042276
464.99617444529457 1.68695967357289
466.06732976281558 1.60782490864545
467.03136954858451 1.60796140019094
467.99540933435344 1.60809789173642
469.0665646518745 1.60824954900919
470.03060443764343 1.60838604055467
470.99464422341237 1.60852253210016
472.06579954093343 1.64831740047302
473.02983932670236 1.64845389201851
473.99387911247129 1.64859038356399
475.06503442999235 1.64874204083675
476.02907421576128 1.64887853238224
476.99311400153022 1.64901502392773
478.06426931905122 1.60952347010039
479.02830910482021 1.60965996164587
479.99234889058914 1.60979645319136
481.06350420811015 1.60994811046412
482.02754399387908 1.61008460200961
482.99158377964801 1.64986430465519
484.06273909716907 1.65001596192796
485.026778882938 1.65015245347344
485.99081866870694 1.68993215611903
487.061973986228 1.69008381339179
488.02601377199693 1.69022030493728
488.99005355776586 1.69035679648276
490.06120887528687 1.73015166485562
491.02524866105585 1.73028815640111
491.98928844682479 1.7304246479466
493.06044376434579 1.73057630521936
494.02448355011472 1.73071279676485
494.98852333588366 1.69120607721023
496.05967865340472 1.691357734483
497.02371843917365 1.65185101492838
497.98775822494258 1.65198750647387
499.05891354246364 1.61249595264653
500.02295332823257 1.57298923309192
500.98699311400151 1.53348251353731
502.05814843152257 1.49399095970996
503.0221882172915 1.45448424015536
503.98622800306043 1.45462073170084
505.05738332058149 1.45477238897361
506.02142310635043 1.41526566941899
506.98546289211936 1.41540216096448
508.05661820964036 1.45519702933734
509.02065799540929 1.49497673198293
509.98469778117828 1.57439964572861
511.05585309869929 1.65383772520157
512.01989288446828 1.73326063894726
512.98393267023721 1.85232676379304
514.05508798775827 2.0110512654662
515.01912777352709 2.16976060141208
515.98316755929613 2.32846993735796
517.05432287681708 2.56648086123132
518.01836266258601 2.76483340827729
518.98240244835495 3.00282916642338
519.73221117061972 3.16150817091471
