610.12969804892077 6.38832997987928
611.24916747874011 5.74446680080483
612.22898365804588 5.14084507042254
613.20795855271001 4.6579476861167
614.18609216273251 4.29577464788732
615.16366491632732 4.01408450704225
616.14207895456366 3.61167002012072
617.25874410224412 3.37022132796781
618.23603642762498 3.12877263581489
619.213048324792 2.92756539235413
620.18977979374506 2.76659959758551
621.16623083448428 2.64587525150905
622.14296230343734 2.48490945674044
623.25878616647628 2.36418511066398
624.2346763507877 2.32394366197183
625.21056653509913 2.28370221327968
626.18617629119672 2.28370221327968
627.1617860472943 2.28370221327968
628.13739580339188 2.28370221327968
629.25237838178907 2.28370221327968
630.2277077096727 2.32394366197183
631.20331746577028 2.32394366197183
632.17892722186787 2.32394366197183
633.15425654975149 2.36418511066398
634.26895869993484 2.40442655935614
635.24456845603243 2.40442655935614
636.21989778391605 2.44466800804829
637.1952271117998 2.48490945674044
638.17083686789738 2.48490945674044
639.14616619578101 2.5251509054326
640.2611487741782 2.5251509054326
641.23675853027578 2.5251509054326
642.21236828637336 2.5251509054326
643.18797804247095 2.5251509054326
644.16358779856841 2.5251509054326
645.139197554666 2.5251509054326
646.25418013306319 2.5251509054326
647.22978988916077 2.5251509054326
648.20568007347219 2.48490945674044
649.18128982956978 2.48490945674044
650.1571800138812 2.44466800804829
651.13307019819262 2.40442655935614
652.24805277658993 2.40442655935614
653.22394296090135 2.36418511066398
654.19983314521278 2.32394366197183
655.1757233295242 2.28370221327968
656.15133308562179 2.28370221327968
657.26659609223293 2.24346076458752
658.24248627654435 2.20321931589537
659.21837646085577 2.16297786720322
660.19398621695336 2.16297786720322
661.16987640126479 2.12273641851107
662.14576658557621 2.08249496981891
663.26074916397339 2.08249496981891
664.23635892007098 2.08249496981891
665.21196867616857 2.08249496981891
666.18757843226615 2.08249496981891
667.16318818836362 2.08249496981891
668.1387979444612 2.08249496981891
669.25378052285839 2.08249496981891
670.22910985074213 2.12273641851107
671.20471960683972 2.12273641851107
672.18004893472335 2.16297786720322
673.15565869082093 2.16297786720322
674.13098801870456 2.20321931589537
675.2456901688879 2.24346076458752
676.22101949677165 2.28370221327968
677.19634882465527 2.32394366197183
678.17167815253902 2.36418511066398
679.14700748042264 2.40442655935614
680.26170963060599 2.44466800804829
681.23675853027578 2.5251509054326
682.21208785815952 2.56539235412475
683.18741718604315 2.6056338028169
684.16274651392678 2.64587525150905
685.13807584181052 2.68611670020121
686.25249756377991 2.76659959758551
687.22782689166364 2.80684104627767
688.20315621954728 2.84708249496982
689.17848554743091 2.88732394366197
690.15381487531465 2.92756539235413
691.268517025498 2.96780684104628
692.24384635338163 3.00804828973843
693.21917568126537 3.04828973843058
694.19478543736295 3.04828973843058
695.17039519346042 3.04828973843058
696.14572452134416 3.08853118712274
697.26070709974134 3.08853118712274
698.23631685583894 3.08853118712274
699.21192661193652 3.08853118712274
699.63004507883545 3.08853118712274
