0.7992240428015294
0.8006311539741683
0.8012422648009365
0.8024739954769247
0.8056964967167479
0.8082694691187067
0.8099598850293686
0.8110285558909308
0.8120711539696379
0.8152183567600894
0.8178440324600958
0.8207980833425228
0.824005387926337
0.8276997825635214
0.8306164374846756
0.8329503956639892
0.8350048090667487
0.8369894903220385
0.8386536320219865
0.8393331412716141
0.8403633046994844
0.8419345954944031
0.8432309087583889
0.842694148080473
0.8439026396629764
0.8445093107263729
0.8455244679336054
0.8467975432528937
0.8484024381268299
0.8502547075627079
0.8509736078854035
0.8523585701506528
0.8536688644998176
0.8560576159151717
0.8568465485704833
0.8583756392452419
0.8589375562387421
0.860070316562764
0.8596341880891883
0.8598536074404994
0.8609821606152522
0.8616687875573964
0.8616208818041939
0.8616770414878828
0.8615686566567432
0.8622973403581238
0.8637434045095911
0.8649667251266419
0.8666978017704982
0.8683951088908909
0.8696752602332066
0.925761668663855
0.9263488053686367
0.9266723788522063
0.926818317369223
0.9270659365798356
0.9272754456088929
0.92787207555937
0.9277277736613305
0.9273922620450985
0.9272045024103752
0.9274305329700201
0.9273891904299131
0.9277604002187134
0.9282469079389825
0.92846199783054
0.9282194507537458
0.9280134127361455
0.9278725845006093
0.9285100141011784
0.9295522571918994
0.9301920411554372
0.9306689082424069
0.9312234293628072
0.9317204222207952
0.9324849925290798
0.9331364993205753
0.9337956515187383
0.9344022483667053
0.934788031580648
0.9345723350820669
0.9350667136113462
0.9346620122518284
0.9348006760491957
0.9345076317548001
0.9338769143627588
0.9336817590754772
0.9325282602311215
0.9328582170336515
0.9331551893908249
0.9332327349670956
0.9330169431991776
0.9335902803600893
0.9335175977195891
0.9338328854307514
0.934491262554087
0.9352990746110001
0.9361747738036289
0.9362354140191773
0.9361214726830207
0.9357149438062901
0.9361198674651784
0.935855121581272
0.9356164707468361
0.9347880921991196
0.9344720722589677
0.9337751229738104
0.9339378167468545
0.9334970851695746
0.9326766150834032
0.9326728192881028
0.931686894275933
0.9310174554095689
0.9302209534700302
0.9302438053737483
0.9296365697209465
0.9291694822039739
0.9281616067274642
0.9266828188332271
0.9252308491420608
0.923622731513698
0.922577049648894
0.9217553206857456
0.92108120322028
0.9195298143264432
0.9175205961084332
0.9159894330795126
0.9147026906139729
0.9138965418912642
0.9128824157636448
0.9113643553322642
0.9092017112348338
