0.92182929481736
0.9218284224087
0.92083867479163
0.91984892717454
0.91984827286805
0.91786965004253
0.91687990242545
0.91490127959994
0.91391175008502
0.91292200246794
0.90896562922556
0.90698700640004
0.90500838357453
0.90500772926804
0.90500685685938
0.9040171092423
0.90302736162522
0.90302670731873
0.90203695970165
0.90104721208455
0.90104633967591
0.90005659205882
0.8990670625439
0.89807731492682
0.89708756730974
0.89609781969265
0.89510829017772
0.89214079214379
0.88917329410984
0.88917242170119
0.88917154929252
0.89015977019447
0.89114777299425
0.89312465100246
0.89411265380224
0.89608974991261
0.89806662792082
0.8990546307206
0.90004263352037
0.90103063632015
0.90102998201366
0.90004023439658
0.90003936198792
0.89904961437084
0.89806008485592
0.89707033723883
0.89706946483018
0.89607971721309
0.89508996959601
0.89410044008109
0.89409956767244
0.6843755808674
0.68140808283345
0.67942967811011
0.67843993049302
0.67646130766751
0.67448268484199
0.67250406201648
0.67151453250156
0.66953590967604
0.6665684116421
0.66458978881658
0.66360025930166
0.66162163647615
0.65964301365063
0.65667551561669
0.65370801758274
0.65271848806782
0.65073986524231
0.64777236720836
0.64579374438284
0.6438153396595
0.64183671683398
0.63886921880004
0.63590172076609
0.63392309794057
0.63194469321722
0.62897719518328
0.62600969714933
0.62304219911539
0.62106379439204
0.61809629635809
0.61512879832415
0.61117242508177
0.60820492704783
0.60523764711604
0.60128127387367
0.59831377583972
0.59435740259735
0.59237899787399
0.58941149984005
0.5864440018061
0.58347650377216
0.58050900573821
0.57853060101485
0.57556310298092
0.57259560494697
0.56962810691303
0.56863857739811
0.56567107936416
0.56270358133022
0.5607249585047
0.55775746047076
0.5557790557474
0.55380043292189
0.55182181009636
0.54885431206243
0.54687590733907
0.54489728451356
0.54291866168805
0.5399511636541
0.53896141603702
0.5379718865221
0.53698213890502
0.53599239128792
0.53401376846242
0.53104648853063
0.52906786570512
0.52511149246274
0.52115511922036
0.52016537160328
0.51818696687993
0.51719721926285
0.51521859643733
0.51323997361182
0.51126156888846
0.50829407085452
0.50631544802901
0.50334794999506
0.50038045196112
0.49741317202934
0.49444567399539