200.39185806030261 0.35873015873016
201.56743224121041 0.35873015873016
202.74300642211821 0.35873015873016
203.52672254272341 0.35873015873016
204.70229672363121 0.35757575757576
205.48601284423643 0.35757575757576
206.66158702514423 0.35757575757576
207.44530314574945 0.35757575757576
208.62087732665725 0.35988455988456
209.40459344726244 0.36103896103896
210.58016762817024 0.36334776334776
211.75574180907804 0.36565656565657
212.53945792968324 0.36796536796537
213.71503211059104 0.37142857142857
214.49874823119625 0.37373737373737
215.67432241210405 0.37720057720058
216.45803853270928 0.38412698412698
217.63361271361708 0.38874458874459
218.41732883422227 0.39220779220779
219.59290301513008 0.3991341991342
220.76847719603791 0.4025974025974
221.55219331664307 0.40836940836941
222.7277674975509 0.41529581529582
223.51148361815609 0.41991341991342
224.68705779906389 0.42683982683983
225.47077391966911 0.43261183261183
226.64634810057692 0.43953823953824
227.43006422118211 0.44531024531025
228.60563840208994 0.45339105339105
229.78121258299773 0.45916305916306
230.56492870360293 0.46724386724387
231.74050288451073 0.47647907647908
232.52421900511592 0.48340548340548
233.69979318602372 0.49148629148628
234.48350930662895 0.4972582972583
235.65908348753675 0.50533910533911
236.44279960814197 0.51111111111111
237.61837378904977 0.51457431457431
238.40208990965496 0.51572871572872
239.57766409056276 0.51688311688312
240.75323827147055 0.51688311688312
241.53695439207576 0.51688311688312
242.71252857298356 0.51688311688312
243.49624469358878 0.51457431457431
244.67181887449658 0.51226551226551
245.45553499510177 0.50995670995671
246.63110917600957 0.50533910533911
247.41482529661479 0.50533910533911
248.5903994775226 0.5030303030303
249.7659736584304 0.4995670995671
250.54968977903559 0.4984126984127
251.72526395994341 0.49379509379509
252.50898008054861 0.49148629148628
253.68455426145641 0.48802308802309
254.4682703820616 0.48109668109668
255.64384456296943 0.47647907647908
256.4275606835746 0.47301587301587
257.6031348644824 0.46839826839827
258.7787090453902 0.46147186147186
259.56242516599548 0.45685425685426
260.73799934690328 0.44877344877345
261.52171546750844 0.44300144300144
262.69728964841623 0.43376623376623
263.48100576902141 0.43030303030303
264.65657994992927 0.42222222222222
265.44029607053449 0.41645021645022
266.61587025144229 0.40721500721501
267.39958637204745 0.40490620490621
268.57516055295525 0.4002886002886
269.75073473386306 0.3991341991342
270.53445085446828 0.395670995671
271.71002503537608 0.39336219336219
272.49374115598129 0.39336219336219
273.6693153368891 0.39220779220779
274.45303145749426 0.39105339105339
275.62860563840206 0.39105339105339
276.41232175900734 0.39105339105339
277.58789593991514 0.39105339105339
278.76347012082294 0.39220779220779
279.54718624142811 0.39336219336219
280.7227604223359 0.395670995671
281.50647654294113 0.39797979797979
282.68205072384893 0.4002886002886
283.46576684445415 0.4025974025974
284.64134102536195 0.40721500721501
285.42505714596712 0.4106782106782
286.60063132687492 0.41760461760462
287.77620550778272 0.42453102453101
288.55992162838794 0.42914862914863
289.73549580929574 0.43953823953824
290.51921192990096 0.44300144300144
291.69478611080876 0.45339105339105
292.47850223141393 0.46262626262626
293.65407641232173 0.47532467532468
294.43779253292701 0.47994227994228
295.61336671383481 0.48917748917749
296.39708283443997 0.49379509379509
297.57265701534777 0.5007215007215
298.74823119625557 0.5018759018759
299.53194731686079 0.5018759018759
300.7075214977686 0.5018759018759
301.49123761837382 0.5007215007215
302.66681179928162 0.4984126984127
303.45052791988678 0.49264069264068
304.62610210079458 0.48802308802309
305.4098182213998 0.48571428571429
306.5853924023076 0.48340548340548
307.76096658321546 0.48109668109668
308.54468270382063 0.48109668109668
309.72025688472843 0.48225108225108
310.50397300533359 0.48455988455988
311.67954718624145 0.48917748917749
312.46326330684667 0.4949494949495
313.63883748775447 0.5018759018759
314.42255360835964 0.50764790764791
315.59812778926744 0.51226551226551
316.77370197017524 0.51688311688312
317.55741809078046 0.51919191919192
318.73299227168826 0.52034632034632
319.51670839229347 0.52150072150072
320.69228257320127 0.52265512265512
321.47599869380645 0.52265512265512
322.65157287471425 0.52380952380952
323.43528899531947 0.52380952380952
324.61086317622733 0.52265512265512
325.39457929683249 0.52265512265512
326.57015347774029 0.52265512265512
327.74572765864808 0.52150072150072
328.52944377925331 0.52034632034632
329.70501796016111 0.51919191919192
330.48873408076633 0.51688311688312
331.66430826167414 0.51341991341991
332.4480243822793 0.51111111111111
333.6235985631871 0.50649350649351
334.40731468379232 0.50418470418469
335.58288886470012 0.5018759018759
336.75846304560793 0.5007215007215
337.54217916621314 0.4995670995671
338.71775334712094 0.4995670995671
339.50146946772611 0.5007215007215
340.67704364863391 0.50418470418469
341.46075976923919 0.50533910533911
342.63633395014699 0.51341991341991
343.42005007075215 0.52034632034632
344.59562425165996 0.52611832611833
345.77119843256775 0.52958152958153
346.55491455317298 0.53073593073593
347.73048873408078 0.53189033189033
348.514204854686 0.53189033189033
349.6897790355938 0.52958152958153
350.47349515619896 0.52727272727273
351.64906933710677 0.52265512265512
352.43278545771199 0.51688311688312
353.60835963861979 0.50649350649351
354.39207575922501 0.5018759018759
355.56764994013281 0.4972582972583
356.74322412104061 0.49148629148628
357.52694024164578 0.49148629148628
358.70251442255358 0.48917748917749
359.48623054315885 0.48917748917749
360.66180472406666 0.49148629148628
361.44552084467182 0.49264069264068
362.62109502557962 0.4961038961039
363.40481114618484 0.4984126984127
364.58038532709264 0.5018759018759
365.75595950800044 0.50995670995671
366.53967562860565 0.51457431457431
367.71524980951347 0.52150072150072
368.49896593011863 0.52611832611833
369.67454011102643 0.53766233766234
370.45825623163171 0.54689754689754
371.63383041253951 0.55959595959595
372.41754653314467 0.56767676767677
373.59312071405247 0.58268398268398
374.76869489496028 0.5965367965368
375.55241101556544 0.6046176046176
376.72798519647324 0.61616161616162
377.51170131707851 0.61731601731602
378.68727549798632 0.62077922077922
379.47099161859148 0.62077922077922
380.64656579949929 0.61962481962482
381.43028192010444 0.61962481962482
382.60585610101236 0.61154401154401
383.78143028192017 0.6011544011544
384.56514640252532 0.5976911976912
385.74072058343312 0.59422799422799
386.52443670403829 0.59307359307359
387.7000108849461 0.59307359307359
388.48372700555137 0.5953823953824
389.65930118645917 0.5988455988456
390.44301730706434 0.6011544011544
391.61859148797214 0.60923520923521
392.4023076085773 0.61962481962482
393.5778817894851 0.62886002886003
394.75345597039291 0.63809523809524
395.53717209099818 0.64155844155843
396.71274627190599 0.64733044733045
397.49646239251115 0.65541125541126
398.67203657341895 0.66118326118326
399.45575269402423 0.66464646464646
400.63132687493203 0.66580086580087
401.41504299553719 0.66810966810967
402.59061717644499 0.67041847041847
403.76619135735279 0.67157287157287
404.54990747795796 0.67272727272727
405.72548165886576 0.67503607503608
406.50919777947104 0.67619047619048
407.68477196037884 0.67734487734488
408.468488080984 0.67849927849928
409.6440622618918 0.67965367965368
410.42777838249697 0.67965367965368
411.60335256340477 0.67965367965368
412.77892674431257 0.67965367965368
413.56264286491785 0.67965367965368
414.73821704582565 0.68080808080808
415.52193316643081 0.68196248196248
416.69750734733861 0.68311688311688
417.48122346794389 0.68427128427128
418.65679764885169 0.68888888888889
419.44051376945686 0.69235209235209
420.61608795036466 0.7027417027417
421.39980407096982 0.70620490620491
422.57537825187762 0.71659451659452
423.75095243278543 0.72582972582973
424.53466855339069 0.72929292929293
425.7102427342985 0.73737373737374
426.49395885490367 0.74314574314574
427.66953303581147 0.75007215007215
428.45324915641662 0.75353535353535
429.62882333732442 0.75699855699856
430.41253945792971 0.75930735930736
431.5881136388375 0.76392496392496
432.7636878197453 0.76623376623377
433.54740394035048 0.76738816738817
434.72297812125828 0.76969696969697
435.50669424186356 0.77085137085137
436.68226842277136 0.77316017316017
437.46598454337652 0.77546897546897
438.64155872428432 0.77777777777778
439.42527484488949 0.77893217893218
440.60084902579729 0.78124098124098
441.77642320670509 0.78354978354978
442.56013932731036 0.78470418470418
443.73571350821817 0.78701298701299
444.51942962882333 0.78816738816738
445.69500380973113 0.78932178932178
446.47871993033641 0.79047619047618
447.65429411124421 0.79047619047618
448.43801023184938 0.79047619047618
449.61358441275718 0.79047619047618
450.39730053336234 0.78932178932178
451.57287471427014 0.78701298701299
452.74844889517794 0.78239538239538
453.53216501578322 0.78008658008658
454.70773919669102 0.77546897546897
455.49145531729619 0.77316017316017
456.66702949820399 0.77085137085137
457.45074561880915 0.77085137085137
458.62631979971695 0.77085137085137
459.41003592032223 0.77085137085137
460.58561010123003 0.77316017316017
461.76118428213783 0.77662337662337
462.544900402743 0.77893217893218
463.7204745836508 0.78354978354978
464.50419070425608 0.78585858585859
465.67976488516388 0.79047619047618
466.46348100576904 0.79393939393939
467.63905518667684 0.7974025974026
468.42277130728201 0.80086580086579
469.59834548818981 0.80317460317459
470.77391966909761 0.804329004329
471.55763578970289 0.80548340548341
472.73320997061069 0.80894660894661
473.51692609121585 0.81125541125541
474.69250027212365 0.81356421356421
475.47621639272882 0.8147186147186
476.65179057363662 0.81702741702742
477.43550669424189 0.81818181818182
478.6110808751497 0.81818181818182
479.39479699575486 0.81818181818182
480.57037117666266 0.81818181818182
481.74594535757046 0.81702741702742
482.52966147817574 0.81702741702742
483.70523565908354 0.8147186147186
484.4889517796887 0.81356421356421
485.66452596059651 0.81356421356421
486.44824208120166 0.81356421356421
487.62381626210947 0.8147186147186
488.40753238271475 0.81587301587302
489.58310656362254 0.81933621933622
490.75868074453034 0.83318903318903
491.54239686513552 0.84011544011544
492.71797104604332 0.85165945165945
493.50168716664848 0.85512265512265
494.6772613475564 0.86782106782107
495.46097746816156 0.87243867243867
496.63655164906936 0.87705627705628
497.42026776967452 0.88398268398267
498.59584195058233 0.88629148629149
499.77141613149013 0.88629148629149
500.5551322520954 0.88629148629149
501.73070643300321 0.88513708513709
502.51442255360837 0.88282828282827
503.68999673451617 0.87936507936508
504.47371285512133 0.87705627705628
505.64928703602913 0.87359307359307
506.43300315663441 0.87243867243867
507.60857733754221 0.87012987012986
508.39229345814738 0.86897546897546
509.56786763905518 0.86897546897546
510.74344181996298 0.87128427128426
511.52715794056826 0.87243867243867
512.70273212147606 0.87359307359307
513.48644824208122 0.87590187590188
514.66202242298903 0.87821067821068
515.44573854359419 0.87936507936508
516.62131272450199 0.88051948051948
517.40502884510727 0.88167388167388
518.58060302601507 0.88167388167388
519.75617720692287 0.88167388167388
520.53989332752803 0.88051948051948
521.71546750843584 0.87936507936508
522.499183629041 0.87821067821068
523.6747578099488 0.87705627705628
524.45847393055408 0.87590187590188
525.63404811146188 0.87359307359307
526.41776423206704 0.87359307359307
527.59333841297484 0.87243867243867
528.76891259388265 0.87243867243867
529.55262871448791 0.87243867243867
530.72820289539573 0.87359307359307
531.51191901600089 0.87474747474747
532.68749319690869 0.87705627705628
533.47120931751384 0.87821067821068
534.64678349842166 0.87936507936508
535.43049961902693 0.88167388167388
536.60607379993472 0.88282828282827
537.78164798084254 0.88513708513709
538.5653641014477 0.88629148629149
539.7409382823555 0.88860028860029
540.52465440296066 0.88975468975469
541.70022858386847 0.89206349206349
542.48394470447374 0.89321789321789
543.65951888538154 0.8955266955267
544.44323500598671 0.8966810966811
545.61880918689451 0.8978354978355
546.40252530749978 0.8989898989899
547.57809948840758 0.9001443001443
548.75367366931539 0.9001443001443
549.53738978992055 0.9001443001443
550.71296397082835 0.9001443001443
551.49668009143351 0.9001443001443
552.67225427234131 0.8978354978355
553.4559703929466 0.8966810966811
554.63154457385439 0.8955266955267
555.41526069445956 0.89437229437229
556.59083487536736 0.89437229437229
557.76640905627517 0.89321789321789
558.55012517688044 0.89321789321789
559.72569935778824 0.8955266955267
560.50941547839341 0.8978354978355
561.68498965930121 0.9012987012987
562.46870577990637 0.9036075036075
563.64427996081417 0.90591630591631
564.42799608141945 0.91053391053391
565.60357026232725 0.91515151515152
566.77914444323505 0.91630591630592
567.56286056384022 0.91746031746032
568.73843474474802 0.91746031746032
569.52215086535318 0.91746031746032
570.69772504626098 0.91630591630592
571.48144116686626 0.91399711399711
572.65701534777406 0.91053391053391
573.44073146837923 0.90822510822511
574.61630564928703 0.9036075036075
575.40002176989231 0.9012987012987
576.57559595080011 0.8989898989899
577.75117013170791 0.8989898989899
578.53488625231307 0.8989898989899
579.71046043322087 0.8989898989899
580.49417655382604 0.9001443001443
581.66975073473384 0.9036075036075
582.45346685533912 0.90591630591631
583.62904103624692 0.90937950937951
584.41275715685208 0.91284271284271
585.58833133775988 0.91515151515152
586.76390551866768 0.91861471861472
587.54762163927285 0.91976911976912
588.72319582018065 0.92092352092352
589.50691194078593 0.92092352092352
590.68248612169373 0.92092352092352
591.46620224229889 0.91976911976912
592.64177642320669 0.91976911976912
593.42549254381196 0.91861471861472
594.60106672471976 0.91746031746032
595.77664090562757 0.91515151515152
596.56035702623274 0.91399711399711
597.73593120714054 0.91168831168831
598.51964732774569 0.90937950937951
599.69522150865349 0.9036075036075
600.47893762925878 0.9036075036075
601.65451181016657 0.8989898989899
602.43822793077175 0.89206349206349
603.61380211167955 0.88629148629149
604.39751823228471 0.88398268398267
605.57309241319251 0.88051948051948
606.74866659410043 0.87705627705628
607.53238271470559 0.87590187590188
608.70795689561339 0.87590187590188
609.49167301621856 0.87590187590188
610.66724719712636 0.87590187590188
611.45096331773163 0.87590187590188
612.62653749863943 0.87821067821068
613.4102536192446 0.87936507936508
614.5858278001524 0.88167388167388
615.7614019810602 0.88282828282827
616.54511810166537 0.88398268398267
617.72069228257316 0.88398268398267
618.50440840317845 0.88398268398267
619.67998258408625 0.88398268398267
620.46369870469141 0.88398268398267
621.63927288559921 0.88167388167388
622.42298900620438 0.88051948051948
623.59856318711229 0.87936507936508
624.77413736802009 0.87705627705628
625.55785348862526 0.87590187590188
626.73342766953306 0.87359307359307
627.51714379013822 0.87359307359307
628.69271797104602 0.87243867243867
629.47643409165119 0.87128427128426
630.65200827255899 0.87243867243867
631.43572439316426 0.87243867243867
632.61129857407207 0.87243867243867
633.39501469467723 0.87359307359307
634.57058887558503 0.87359307359307
635.74616305649283 0.87474747474747
636.52987917709811 0.87474747474747
637.70545335800591 0.87474747474747
638.48916947861107 0.87474747474747
639.66474365951888 0.87359307359307
640.44845978012404 0.87128427128426
641.62403396103184 0.86897546897546
642.40775008163712 0.86782106782107
643.58332426254492 0.86435786435786
644.75889844345272 0.86204906204906
645.54261456405789 0.86089466089466
646.71818874496569 0.85858585858586
647.50190486557085 0.85743145743145
648.67747904647865 0.85627705627705
649.46119516708393 0.85627705627705
650.63676934799173 0.85858585858586
651.42048546859689 0.85974025974026
652.5960596495047 0.86204906204906
653.7716338304125 0.86435786435786
654.55534995101777 0.86551226551227
655.73092413192558 0.86782106782107
656.51464025253073 0.86782106782107
657.69021443343854 0.86782106782107
658.4739305540437 0.86782106782107
659.64950473495151 0.86782106782107
660.43322085555678 0.86551226551227
661.60879503646458 0.86204906204906
662.39251115706975 0.85858585858586
663.56808533797755 0.85512265512265
664.74365951888534 0.85050505050505
665.52737563949051 0.84473304473304
666.70294982039832 0.84126984126984
667.48666594100359 0.84011544011544
668.6622401219114 0.83896103896104
669.44595624251656 0.83896103896104
670.62153042342436 0.83896103896104
671.40524654402964 0.84011544011544
672.58082072493744 0.84126984126984
673.75639490584524 0.84242424242424
674.5401110264504 0.84357864357864
675.7156852073582 0.84357864357864
676.49940132796337 0.84473304473304
677.67497550887117 0.84473304473304
678.45869162947645 0.84473304473304
679.63426581038425 0.84473304473304
680.41798193098941 0.84357864357864
681.59355611189721 0.84242424242424
682.76913029280501 0.84126984126984
683.55284641341029 0.84011544011544
684.7284205943181 0.83780663780664
685.51213671492326 0.83665223665224
686.68771089583106 0.83434343434343
687.47142701643622 0.83318903318903
688.64700119734403 0.83088023088023
689.4307173179493 0.82857142857143
690.6062914988571 0.82510822510823
691.78186567976491 0.82279942279942
692.56558180037007 0.81933621933622
693.74115598127787 0.81587301587302
694.52487210188303 0.81240981240981
695.70044628279084 0.80894660894661
696.48416240339611 0.80548340548341
697.65973658430391 0.80317460317459
698.44345270490908 0.798556998557
699.61902688581688 0.79278499278499
700.40274300642216 0.79047619047618
701.57831718732996 0.78470418470418
702.75389136823776 0.77893217893218
703.53760748884291 0.77546897546897
704.71318166975071 0.77085137085137
705.49689779035589 0.76738816738817
706.67247197126369 0.76392496392496
707.45618809186897 0.76161616161616
708.63176227277677 0.76046176046176
709.41547839338193 0.76046176046176
710.59105257428973 0.76046176046176
711.76662675519754 0.76046176046176
712.5503428758027 0.76046176046176
713.7259170567105 0.76161616161616
714.50963317731577 0.76277056277056
715.68520735822358 0.76392496392496
716.46892347882874 0.76392496392496
717.64449765973654 0.76392496392496
718.42821378034182 0.76392496392496
719.60378796124962 0.76161616161616
720.77936214215742 0.75930735930736
721.56307826276258 0.75699855699856
722.73865244367038 0.75353535353535
723.52236856427555 0.75122655122655
724.69794274518335 0.74776334776335
725.48165886578863 0.74430014430014
726.65723304669643 0.73852813852814
727.4409491673016 0.73737373737374
728.6165233482094 0.73391053391052
729.40023946881456 0.73391053391052
730.57581364972236 0.73275613275613
731.75138783063028 0.73160173160173
732.53510395123544 0.73044733044733
733.71067813214324 0.72929292929293
734.49439425274841 0.72813852813853
735.66996843365621 0.72582972582973
736.45368455426149 0.72467532467532
737.62925873516929 0.72352092352092
738.41297485577445 0.72236652236651
739.58854903668225 0.72121212121211
740.76412321759005 0.72121212121211
741.54783933819522 0.72005772005771
742.72341351910302 0.71890331890332
743.5071296397083 0.71890331890332
744.6827038206161 0.71890331890332
745.46641994122126 0.71890331890332
746.64199412212906 0.71774891774892
747.42571024273434 0.71659451659452
748.60128442364214 0.71428571428571
749.77685860454994 0.71197691197691
750.56057472515511 0.7085137085137
751.73614890606291 0.7038961038961
752.51986502666807 0.7004329004329
753.69543920757587 0.69235209235209
754.47915532818115 0.69004329004329
755.65472950908895 0.68542568542569
756.43844562969412 0.68311688311688
757.61401981060192 0.68196248196248
758.39773593120708 0.68080808080808
759.57331011211488 0.68196248196248
760.74888429302268 0.68311688311688
761.53260041362795 0.68427128427128
762.70817459453576 0.68773448773449
763.49189071514093 0.68888888888889
764.66746489604873 0.69235209235209
765.451181016654 0.69350649350649
766.62675519756181 0.69466089466089
767.41047131816697 0.69466089466089
768.58604549907476 0.69466089466089
769.76161967998256 0.69235209235209
770.54533580058774 0.69119769119769
771.72090998149554 0.68311688311688
772.50462610210081 0.67965367965368
773.68020028300862 0.66926406926407
774.46391640361378 0.66464646464646
775.63949058452158 0.65887445887446
776.42320670512675 0.65541125541126
777.59878088603455 0.65310245310244
778.77435506694235 0.65194805194804
779.55807118754762 0.65079365079365
780.73364536845543 0.65194805194804
781.51736148906059 0.65310245310244
782.69293566996839 0.65425685425684
783.47665179057367 0.65656565656566
784.65222597148147 0.65887445887446
785.43594209208663 0.66002886002886
786.61151627299444 0.66002886002886
787.3952323935996 0.66002886002886
788.5708065745074 0.66002886002886
789.7463807554152 0.65887445887446
790.53009687602048 0.65310245310244
791.70567105692828 0.64733044733045
792.48938717753344 0.63809523809524
793.66496135844125 0.63116883116883
794.44867747904641 0.62539682539682
795.62425165995433 0.62077922077922
796.40796778055949 0.61847041847042
797.58354196146729 0.61154401154401
798.75911614237509 0.61038961038961
799.54283226298026 0.60923520923521
800.71840644388806 0.60923520923521
801.50212256449333 0.61038961038961
802.67769674540114 0.61269841269841
803.4614128660063 0.61385281385281
804.6369870469141 0.61616161616162
805.42070316751926 0.61616161616162
806.59627734842707 0.61616161616162
807.77185152933487 0.61616161616162
808.55556764994013 0.61616161616162
809.73114183084795 0.61385281385281
810.51485795145311 0.61154401154401
811.69043213236091 0.6034632034632
812.47414825296619 0.6011544011544
813.64972243387399 0.59307359307359
814.43343855447915 0.58845598845599
815.60901273538694 0.58383838383838
816.39272885599212 0.58037518037518
817.56830303689992 0.57575757575758
818.74387721780772 0.57229437229436
819.527593338413 0.57113997113996
820.7031675193208 0.56998556998557
821.48688363992596 0.56998556998557
822.66245782083377 0.56767676767677
823.44617394143893 0.56652236652237
824.62174812234673 0.56536796536797
825.40546424295201 0.56536796536797
826.5810384238598 0.56305916305916
827.75661260476761 0.56305916305916
828.54032872537277 0.56305916305916
829.71590290628058 0.56305916305916
830.49961902688585 0.56305916305916
831.67519320779365 0.56421356421356
832.45890932839882 0.56536796536797
833.63448350930662 0.56652236652237
834.41819962991178 0.56767676767677
835.59377381081958 0.56767676767677
836.76934799172739 0.56767676767677
837.55306411233266 0.56767676767677
838.72863829324046 0.56536796536797
839.51235441384563 0.56305916305916
840.68792859475343 0.55382395382395
841.47164471535859 0.54805194805195
842.64721889626639 0.54112554112554
843.43093501687167 0.53419913419913
844.60650919777947 0.52611832611833
845.78208337868727 0.51688311688312
846.56579949929244 0.51226551226551
847.74137368020024 0.50649350649351
848.52508980080552 0.50418470418469
849.70066398171332 0.4995670995671
850.48438010231848 0.4995670995671
851.65995428322628 0.49379509379509
852.44367040383145 0.49379509379509
853.61924458473925 0.49264069264068
854.40296070534453 0.49148629148628
855.57853488625233 0.48917748917749
856.75410906716013 0.48802308802309
857.53782518776529 0.48686868686869
858.71339936867309 0.48571428571429
859.49711548927837 0.48455988455988
860.67268967018617 0.48340548340548
861.45640579079134 0.48340548340548
862.63197997169914 0.48340548340548
863.4156960923043 0.48340548340548
864.5912702732121 0.48340548340548
865.76684445411991 0.48340548340548
866.55056057472518 0.48340548340548
867.72613475563298 0.48340548340548
868.50985087623815 0.48340548340548
869.68542505714595 0.48340548340548
870.4691411777511 0.48340548340548
871.64471535865891 0.48340548340548
872.42843147926419 0.48340548340548
873.60400566017198 0.48340548340548
874.77957984107978 0.48340548340548
875.56329596168496 0.48340548340548
876.73887014259276 0.48340548340548
877.52258626319804 0.48340548340548
878.69816044410584 0.48340548340548
879.481876564711 0.48225108225108
880.6574507456188 0.48225108225108
881.44116686622397 0.48109668109668
882.61674104713177 0.48109668109668
883.40045716773704 0.48109668109668
884.57603134864484 0.48109668109668
885.75160552955265 0.47994227994228
886.53532165015781 0.47878787878787
887.71089583106561 0.47763347763348
888.49461195167077 0.47647907647908
889.67018613257857 0.47301587301587
890.45390225318386 0.47186147186147
891.62947643409165 0.46839826839827
892.41319255469682 0.46608946608946
893.58876673560462 0.46147186147186
894.76434091651242 0.45800865800866
895.5480570371177 0.45569985569986
896.7236312180255 0.45108225108225
897.50734733863067 0.44877344877345
898.68292151953847 0.44415584415584
899.46663764014363 0.44069264069264
900.64221182105143 0.43722943722944
901.42592794165671 0.43492063492064
902.60150212256451 0.43145743145743
903.77707630347231 0.42914862914863
904.56079242407748 0.42799422799423
905.73636660498528 0.42568542568543
906.52008272559044 0.42337662337662
907.69565690649836 0.41991341991342
908.47937302710352 0.41760461760462
909.65494720801132 0.41414141414141
910.43866332861649 0.4106782106782
911.61423750952429 0.40490620490621
912.39795363012955 0.4025974025974
913.57352781103737 0.3991341991342
914.74910199194517 0.39336219336219
915.53281811255033 0.38989898989899
916.70839229345813 0.38759018759019
917.4921084140633 0.38528138528138
918.6676825949711 0.38181818181818
919.45139871557637 0.38181818181818
920.62697289648418 0.38066378066378
921.41068901708934 0.37835497835498
922.58626319799714 0.37720057720058
923.76183737890494 0.37489177489177
924.54555349951022 0.37373737373737
925.72112768041802 0.37258297258297
926.50484380102318 0.37027417027417
927.68041798193099 0.36911976911977
928.46413410253615 0.36796536796537
929.63970828344395 0.36565656565657
930.42342440404922 0.36450216450216
931.59899858495702 0.36334776334776
932.77457276586483 0.36219336219336
933.55828888647 0.36103896103896
934.7338630673778 0.35988455988456
935.51757918798295 0.35873015873016
936.69315336889075 0.35526695526696
937.47686948949604 0.35295815295815
938.65244367040383 0.34025974025974
939.436159791009 0.33333333333333
940.61173397191681 0.31832611832612
941.39545009252208 0.3033189033189
942.57102427342988 0.28369408369408
943.74659845433769 0.26406926406926
944.53031457494285 0.24675324675325
945.70588875585065 0.23059163059163
946.48960487645581 0.22135642135642
947.66517905736362 0.21443001443001
948.44889517796889 0.21212121212121
949.62446935887669 0.21327561327561
950.40818547948186 0.21673881673882
951.58375966038966 0.22481962481962
952.75933384129746 0.23174603174603
953.54304996190262 0.23520923520924
954.71862414281042 0.24329004329004
954.3267660825079 0.24444444444444
954.71862414281042 0.25021645021645
955.5023402634157 0.25598845598846
956.67791444432351 0.26406926406926
957.46163056492867 0.26637806637807
958.63720474583647 0.26753246753247
959.42092086644175 0.26753246753247
960.59649504734955 0.26637806637807
961.77206922825735 0.26291486291485
962.55578534886251 0.25714285714286
963.73135952977032 0.24675324675325
964.51507565037548 0.24098124098124
965.69064983128328 0.23290043290043
966.47436595188856 0.22828282828283
967.64994013279636 0.22251082251082
968.43365625340152 0.21789321789322
969.60923043430932 0.21327561327561
970.39294655491449 0.20981240981241
971.56852073582229 0.20634920634921
972.74409491673021 0.2017316017316
973.52781103733537 0.1994227994228
974.70338521824317 0.19365079365079
975.48710133884833 0.19018759018759
976.66267551975614 0.18556998556999
977.4463916403614 0.18441558441558
978.6219658212692 0.18095238095238
979.40568194187438 0.17748917748918
980.58125612278218 0.17402597402597
981.75683030368998 0.17402597402597
982.54054642429513 0.17287157287157
983.71612060520295 0.16940836940837
984.49983672580822 0.16825396825396
985.67541090671601 0.16594516594517
986.45912702732119 0.16479076479076
987.63470120822899 0.16479076479076
988.41841732883427 0.16479076479076
989.59399150974207 0.16825396825396
990.76956569064987 0.17056277056277
991.55328181125503 0.17633477633478
992.72885599216283 0.18787878787879
993.51257211276799 0.19480519480519
994.6881462936758 0.2005772005772
995.47186241428108 0.202886002886
996.64743659518887 0.20519480519481
997.43115271579404 0.20634920634921
998.60672689670184 0.20519480519481
999.78230107760965 0.2005772005772
1000.56601719821481 0.1982683982684
1001.7415913791226 0.19365079365079
1002.52530749972789 0.18095238095238
1003.70088168063569 0.17171717171717
1004.48459780124085 0.16363636363636
1005.66017198214865 0.15555555555555
1006.44388810275393 0.14632034632035
1007.61946228366173 0.13823953823954
1008.4031784042669 0.13362193362193
1009.5787525851747 0.13015873015873
1010.7543267660825 0.12669552669553
1011.53804288668766 0.12554112554113
1012.71361706759546 0.12438672438672
1013.49733318820074 0.12438672438672
1014.67290736910854 0.12207792207792
1015.45662348971371 0.12092352092352
1016.63219767062151 0.11976911976912
1017.41591379122667 0.11861471861472
1018.59148797213447 0.11630591630592
1019.76706215304227 0.11399711399711
1020.55077827364755 0.11168831168831
1021.72635245455535 0.10822510822511
1022.51006857516052 0.10591630591631
1023.68564275606832 0.1024531024531
1024.4693588766736 0.1012987012987
1025.64493305758151 0.0978354978355
1026.42864917818656 0.0966810966811
1027.60422335909448 0.09437229437229
1028.77979754000216 0.09206349206349
1029.56351366060744 0.09090909090909
1030.73908784151513 0.08860028860029
1031.52280396212041 0.08744588744589
1032.69837814302832 0.08513708513709
1033.48209426363337 0.08398268398268
1034.65766844454129 0.08282828282828
1035.44138456514634 0.08167388167388
1036.61695874605425 0.08051948051948
1037.40067486665953 0.07936507936508
1038.57624904756722 0.07821067821068
1039.75182322847512 0.07705627705628
1040.53553934908017 0.07590187590188
1041.7111135299881 0.07474747474747
1042.49482965059337 0.07474747474747
1043.67040383150105 0.07359307359307
1044.45411995210634 0.07359307359307
1045.62969413301403 0.07243867243867
1046.4134102536193 0.07128427128427
1047.58898443452699 0.07128427128427
1048.76455861543491 0.06897546897547
1049.54827473604018 0.06782106782107
1050.72384891694787 0.06666666666667
1051.50756503755315 0.06435786435786
1052.68313921846084 0.06204906204906
1053.46685533906611 0.06089466089466
1054.64242951997403 0.05858585858586
1055.42614564057908 0.05743145743146
1056.60171982148699 0.05512265512266
1057.77729400239468 0.05281385281385
1058.56101012299996 0.05165945165945
1059.73658430390764 0.05050505050505
1060.52030042451293 0.04935064935065
1061.69587460542084 0.04819624819625
1062.47959072602589 0.04819624819625
1063.65516490693381 0.04704184704185
1064.43888102753886 0.04588744588745
1065.61445520844677 0.04588744588745
1066.39817132905205 0.04473304473304
1067.57374550995974 0.04473304473304
1068.74931969086765 0.04357864357864
1069.5330358114727 0.04357864357864
1070.70860999238062 0.04242424242424
1071.49232611298589 0.04126984126984
1072.66790029389358 0.04011544011544
1073.45161641449886 0.04011544011544
1074.62719059540655 0.03896103896104
1075.41090671601182 0.03896103896104
1076.58648089691951 0.03780663780664
1077.76205507782743 0.03665223665224
1078.5457711984327 0.03549783549784
1079.72134537934039 0.03549783549784
1080.50506149994567 0.03434343434343
1081.68063568085336 0.03318903318903
1082.46435180145862 0.03318903318903
1083.63992598236632 0.03088023088023
1084.4236421029716 0.03088023088023
1085.5992162838795 0.02972582972583
1086.7747904647872 0.02741702741703
1087.55850658539248 0.02741702741703
1088.73408076630017 0.02626262626263
1089.51779688690544 0.02510822510823
1090.69337106781336 0.02510822510823
1091.47708718841841 0.02510822510823
1092.65266136932632 0.02510822510823
1093.43637748993137 0.02395382395382
1094.61195167083929 0.02395382395382
1095.39566779144456 0.02395382395382
1096.57124197235225 0.02279942279942
1097.74681615326017 0.02279942279942
1097.74681615326017 0.02279942279942
