400.08481447875573 0.71817051107171
401.14308979555051 0.72410288991364
402.20110338974928 0.7339907695893
403.25931327589501 0.74091202363966
404.31752316204079 0.74783327769001
405.11113150366339 0.75376587463411
406.16934138980912 0.76068712868447
407.2276167066039 0.76661950752641
408.28582659274969 0.77354076157677
409.34403647889542 0.78046201562713
410.13771025116699 0.78540573736278
411.19598556796177 0.79133811620472
412.25432631540548 0.79628161983821
413.31273249349823 0.80023624826328
414.10660255771677 0.80221334437367
415.16507416645851 0.8051790975903
416.22348034455126 0.80913372601537
417.281690230697 0.81605498006574
418.34003097814076 0.82099848369924
419.13370475041232 0.8259422054349
420.19198006720711 0.83187458427683
421.25005909205487 0.84077358874405
422.30820354755167 0.84868371800285
423.10200818112122 0.85164968932165
424.16041435921397 0.85560431774672
425.21888596795566 0.85857007096336
426.27742300734639 0.86054694897156
427.33589461608813 0.8635127021882
428.12976468030666 0.86548979829857
429.1882362890484 0.86845555151521
430.24670789779015 0.87142130473185
431.30517950653189 0.87438705794849
432.09904957075042 0.87636415405886
433.15752117949216 0.87932990727549
434.21605821888289 0.88130678528371
435.27452982762463 0.88427253850035
436.3330668670153 0.88624941650856
437.1269369312339 0.88822651261893
438.18540853997558 0.89119226583557
439.24394557936631 0.89316914384377
440.30241718810805 0.89613489706041
441.09628725232659 0.89811199317079
442.15482429171732 0.90008887117899
443.21336133110805 0.9020657491872
444.27183293984979 0.90503150240384
445.33036997924052 0.90700838041205
446.12424004345905 0.90898547652242
447.18277708284978 0.91096235453063
448.24131412224051 0.91293923253884
449.29985116163124 0.91491611054704
450.09372122584978 0.91689320665742
451.1522582652405 0.91887008466562
452.21086073528022 0.91985808746539
453.26946320531988 0.92084609026518
454.32806567535965 0.92183409306496
455.12206660087617 0.92183343875847
456.18073450156487 0.92183256634981
457.23940240225357 0.92183169394116
458.29807030294228 0.92183082153251
459.09207122845879 0.92183016722602
460.1507391291475 0.92182929481736
461.20940702983626 0.9218284224087
462.26814036117389 0.92083867479163
463.32687369251164 0.91984892717454
464.12087461802815 0.91984827286805
465.17967338001483 0.91786965004253
466.23840671135252 0.91687990242545
467.2972054733392 0.91490127959994
468.09127182950476 0.91391175008502
469.15000516084245 0.91292200246794
470.20893478412711 0.90896562922556
471.26773354611385 0.90698700640004
472.32653230810047 0.90500838357453
473.12053323361704 0.90500772926804
474.17920113430574 0.90500685685938
475.23793446564343 0.9040171092423
476.29666779698113 0.90302736162522
477.09066872249764 0.90302670731873
478.14940205383539 0.90203695970165
479.20813538517302 0.90104721208455
480.26680328586178 0.90104633967591
481.32553661719948 0.90005659205882
482.11960297336498 0.8990670625439
483.17833630470273 0.89807731492682
484.23706963604036 0.89708756730974
485.29580296737811 0.89609781969265
486.08986932354361 0.89510829017772
487.14873351617928 0.89214079214379
488.207597708815 0.88917329410984
489.26626560950365 0.88917242170119
490.32493351019241 0.88917154929252
491.11886900505993 0.89015977019447
492.17747147509965 0.89114777299425
493.23600851449038 0.89312465100246
494.2946109845301 0.89411265380224
495.08848104874863 0.89608974991261
496.14701808813936 0.89806662792082
497.20562055817908 0.8990546307206
498.26422302821879 0.90004263352037
499.32282549825845 0.90103063632015
500.11682642377502 0.90102998201366
501.17555975511276 0.90004023439658
502.23422765580142 0.90003936198792
503.29296098713917 0.89904961437084
504.08702734330467 0.89806008485592
505.14576067464236 0.89707033723883
506.20442857533106 0.89706946483018
507.26316190666876 0.89607971721309
508.32189523800645 0.89508996959601
509.11596159417195 0.89410044008109
510.17462949486071 0.89409956767244
511.2333628261984 0.89310982005536
512.29209615753608 0.89212007243826
513.08616251370154 0.89113054292335
514.14496127568826 0.88915192009784
515.20376003767501 0.88717329727231
516.26255879966175 0.88519467444681
517.32142299229736 0.88222717641286
518.11548934846292 0.88123764689794
519.17415724915156 0.88123677448929
520.23289058048931 0.8802470268722
521.29162391182695 0.87925727925511
522.0856902679925 0.8782677497402
523.14442359933014 0.87727800212312
524.20322236131688 0.8752993792976
525.26195569265462 0.87430963168052
526.32075445464125 0.872331008855
527.1148208108068 0.87134147934008
528.17361957279354 0.86936285651457
529.23241833478016 0.86738423368905
530.29128252741589 0.86441673565511
531.08534888358145 0.86342720614019
532.14414764556807 0.86144858331467
533.2029464075548 0.85946996048916
534.26174516954143 0.85749133766364
535.32054393152816 0.85551271483813
536.1146757183426 0.85353431011477
537.17347448032933 0.85155568728926
538.23227324231607 0.84957706446375
539.29107200430269 0.84759844163823
540.08513836046825 0.84660891212331
541.14393712245499 0.8446302892978
542.20273588444161 0.84265166647228
543.26153464642834 0.84067304364677
544.32033340841508 0.83869442082125
545.11446519522951 0.8367160160979
546.17319852656726 0.83572626848082
547.23206271920287 0.83275877044687
548.29086148118961 0.83078014762135
549.08492783735517 0.82979061810643
550.14372659934179 0.82781199528092
551.20252536132853 0.8258333724554
552.26132412331526 0.82385474962989
553.32012288530188 0.82187612680438
554.11418924146744 0.82088659728946
555.17305343410317 0.8179190992555
556.23185219608979 0.81594047643
557.29065095807641 0.81396185360448
558.34944972006315 0.81198323077897
559.14351607622871 0.81099370126405
560.20231483821544 0.80901507843853
561.26111360020207 0.80703645561301
562.31991236218869 0.80505783278751
563.11404414900335 0.80307942806415
564.17284291098997 0.80110080523864
565.23164167297659 0.79912218241313
566.29044043496333 0.79714355958761
567.34923919695006 0.7951649367621
568.1433709837645 0.79318653203874
569.20216974575123 0.79120790921323
570.26096850773797 0.78922928638772
571.31976726972459 0.7872506635622
572.11389905653914 0.78527225883884
573.17269781852588 0.78329363601333
574.2314965805125 0.78131501318782
575.29029534249923 0.7793363903623
576.34909410448586 0.77735776753679
577.1432258913004 0.77537936281344
578.20202465328714 0.77340073998792
579.26082341527376 0.77142211716241
580.3196221772605 0.7694434943369
581.11381939472403 0.76647621440511
582.17268358735964 0.76350871637117
583.23154777999537 0.76054121833722
584.29041197263109 0.75757372030328
585.3492761652667 0.75460622226933
586.14340795208125 0.75262781754598
587.20227214471697 0.74966031951204
588.26113633735258 0.74669282147809
589.32000052998831 0.74372532344415
590.11413231680285 0.74174691872079
591.17306194008745 0.73779054547842
592.23192613272317 0.73482304744447
593.29079032535878 0.73185554941052
594.08492211217333 0.72987714468718
595.14378630480905 0.72690964665323
596.20265049744467 0.72394214861928
597.26151469008039 0.72097465058534
598.32037888271611 0.71800715255139
599.11451066953055 0.71602874782804
600.17337486216627 0.7130612497941
601.23223905480199 0.71009375176015
602.2911032474376 0.70712625372621
603.08530046490114 0.70415897379443
604.14416465753675 0.70119147576048
605.20302885017259 0.69822397772653
606.2618930428082 0.69525647969259
607.32075723544381 0.69228898165864
608.11488902225847 0.69031057693529
609.17375321489408 0.68734307890135
610.2326174075298 0.6843755808674
611.29148160016553 0.68140808283345
612.08561338697996 0.67942967811011
613.14434671831759 0.67843993049302
614.20314548030433 0.67646130766751
615.26194424229107 0.67448268484199
616.32074300427769 0.67250406201648
617.11480936044313 0.67151453250156
618.17360812242987 0.66953590967604
619.23247231506571 0.6665684116421
620.29127107705233 0.66458978881658
621.08533743321777 0.66360025930166
622.14413619520451 0.66162163647615
623.20293495719125 0.65964301365063
624.26179914982686 0.65667551561669
625.32066334246258 0.65370801758274
626.11472969862803 0.65271848806782
627.17352846061476 0.65073986524231
628.23239265325037 0.64777236720836
629.29119141523711 0.64579374438284
630.08532320205165 0.6438153396595
631.14412196403839 0.64183671683398
632.20298615667411 0.63886921880004
633.26185034930973 0.63590172076609
634.32064911129646 0.63392309794057
635.11478089811089 0.63194469321722
636.17364509074662 0.62897719518328
637.23250928338234 0.62600969714933
638.29137347601795 0.62304219911539
639.0855052628325 0.62106379439204
640.14436945546822 0.61809629635809
641.20323364810383 0.61512879832415
642.26216327138854 0.61117242508177
643.32102746402416 0.60820492704783
644.11522468148769 0.60523764711604
645.1741543047724 0.60128127387367
646.23301849740801 0.59831377583972
647.29194812069272 0.59435740259735
648.08607990750727 0.59237899787399
649.14494410014299 0.58941149984005
650.2038082927786 0.5864440018061
651.26267248541433 0.58347650377216
652.32153667805005 0.58050900573821
653.11566846486448 0.57853060101485
654.17453265750009 0.57556310298092
655.23339685013593 0.57259560494697
656.29226104277154 0.56962810691303
657.0863273989371 0.56863857739811
658.14519159157271 0.56567107936416
659.20405578420844 0.56270358133022
660.26285454619517 0.5607249585047
661.3217187388309 0.55775746047076
662.11585052564533 0.5557790557474
663.17464928763206 0.55380043292189
664.23344804961869 0.55182181009636
665.29231224225441 0.54885431206243
666.08644402906896 0.54687590733907
667.14524279105558 0.54489728451356
668.20404155304232 0.54291866168805
669.26290574567793 0.5399511636541
670.32163907701567 0.53896141603702
671.11570543318112 0.5379718865221
672.17443876451887 0.53698213890502
673.23317209585662 0.53599239128792
674.29197085784324 0.53401376846242
675.08616807530677 0.53104648853063
676.14496683729351 0.52906786570512
677.20389646057811 0.52511149246274
678.26282608386282 0.52115511922036
679.32155941520045 0.52016537160328
680.11569120201511 0.51818696687993
681.17442453335275 0.51719721926285
682.23322329533949 0.51521859643733
683.2920220573261 0.51323997361182
684.08615384414065 0.51126156888846
685.14501803677626 0.50829407085452
686.203816798763 0.50631544802901
687.26268099139872 0.50334794999506
688.32154518403444 0.50038045196112
689.11574240149787 0.49741317202934
690.17460659413359 0.49444567399539
691.2334707867692 0.49147817596144
692.29240041005392 0.48752180271907
693.08653219686835 0.48554339799572
694.14546182015306 0.48158702475334
695.20439144343777 0.47763065151097
696.26345192802046 0.47169652785173
697.32238155130517 0.46774015460935
698.11664419941758 0.46378399946914
699.17544296140431 0.46180537664363
700.23424172339105 0.45982675381811
701.29304048537767 0.4578481309926
702.08717227219222 0.45586972626924
703.14603646482783 0.4529022282353
704.20483522681457 0.45092360540978
705.2636339888013 0.44894498258427
706.32249818143691 0.44597748455032
707.11662996825146 0.44399907982697
708.17542873023808 0.44202045700146
709.23429292287381 0.43905295896751
710.29309168486054 0.437074336142
711.08722347167509 0.43509593141865
712.1460876643107 0.4321284333847
713.20488642629743 0.43014981055919
714.26375061893305 0.42718231252524
715.32254938091978 0.42520368969973
716.11674659838332 0.42223640976795
717.17547992972095 0.42124666215086
718.23434412235667 0.41827916411692
719.2931428843433 0.4163005412914
720.08720924050886 0.41531101177648
721.14594257184649 0.4143212641594
722.20467590318424 0.41333151654231
723.26340923452199 0.41234176892523
724.32214256585962 0.41135202130815
725.11620892202518 0.41036249179322
726.17494225336293 0.40937274417614
727.23374101534955 0.40739412135063
728.2924743466873 0.40640437373353
729.08654070285274 0.40541484421862
730.14533946483948 0.40343622139311
731.20413822682622 0.40145759856759
732.26300241946183 0.39849010053365
733.32180118144856 0.39651147770813
734.11593296826311 0.39453307298478
735.17473173024973 0.39255445015927
736.23359592288546 0.38958695212532
737.29239468487208 0.38760832929981
738.08652647168662 0.38562992457646
739.14539066432235 0.38266242654251
740.20412399565998 0.38167267892543
741.26292275764672 0.37969405609991
742.32165608898435 0.37870430848282
743.11572244514991 0.37771477896791
744.17452120713665 0.37573615614239
745.23331996912339 0.37375753331687
746.29211873111001 0.37177891049136
747.08618508727545 0.37078938097644
748.14504927991129 0.3678218829425
749.20384804189791 0.36584326011697
750.26264680388454 0.36386463729147
751.32144556587127 0.36188601446595
752.1155773526857 0.3599076097426
753.17437611467244 0.35792898691709
754.23310944601019 0.3569392393
755.29190820799693 0.35496061647449
756.0859091335135 0.354959962168
757.14470789550012 0.35298133934248
758.20344122683787 0.3519915917254
759.2621745581755 0.35100184410832
760.32090788951314 0.35001209649123
761.1149742456787 0.34902256697631
762.17370757701633 0.34803281935923
763.23244090835408 0.34704307174214
764.29123967034069 0.34506444891663
765.08530602650626 0.3440749194017
766.144104788493 0.34209629657619
767.20296898112872 0.33912879854225
768.26176774311534 0.33715017571673
769.32056650510208 0.33517155289122
770.11469829191651 0.33319314816787
771.17349705390325 0.33121452534235
772.23236124653886 0.32824702730841
773.29116000852559 0.32626840448289
774.08529179534024 0.32428999975953
775.14409055732688 0.32231137693403
776.2028893193135 0.32033275410851
777.26168808130024 0.318354131283
778.32042141263787 0.31736438366591
779.11455319945242 0.31538597894256
780.17335196143914 0.31340735611705
781.2320852927769 0.31241760849996
782.29088405476352 0.31043898567445
783.08495041092908 0.30944945615953
784.1437491729157 0.30747083333402
785.20254793490244 0.3054922105085
786.2612158355912 0.30549133809985
787.31994916692884 0.30450159048276
788.11408095374327 0.30252318575941
789.17287971573001 0.30054456293389
790.23167847771674 0.29856594010838
791.29047723970348 0.29658731728287
792.3492760016901 0.29460869445735
793.14340778850465 0.292630289734
794.20220655049138 0.29065166690849
795.26100531247801 0.28867304408297
796.31980407446474 0.28669442125746
797.11387043063019 0.28570489174254
798.17266919261692 0.28372626891702
799.23153338525253 0.28075877088308
800.29033214723927 0.27878014805756
801.34913090922601 0.27680152523205
802.14319726539156 0.27581199571713
803.2019305967292 0.27482224810004
804.26066392806683 0.27383250048296
805.31933182875559 0.27383162807431
806.11333275427205 0.27383097376782
807.17200065496081 0.27383010135916
808.23066855564957 0.27382922895051
809.28933645633822 0.27382835654186
810.34800435702687 0.2738274841332
811.14207071319242 0.27283795461828
812.20080404453028 0.2718482070012
813.25960280651691 0.26986958417568
814.31840156850353 0.26789096135017
815.11246792466909 0.26690143183525
816.17126668665583 0.26492280900974
817.23006544864245 0.26294418618422
818.28886421062907 0.26096556335871
819.34766297261581 0.25898694053319
820.14179475943035 0.25700853580984
821.20059352141698 0.25502991298432
822.25945771405281 0.25206241495038
823.31825647603944 0.25008379212487
824.11238826285398 0.24810538740151
825.17118702484061 0.246126764576
826.22992035617835 0.24513701695892
827.28865368751599 0.24414726934183
828.34738701885374 0.24315752172475
829.14145337501918 0.24216799220983
830.20012127570794 0.24216711980117
831.2587891763967 0.24216624739252
832.31745707708546 0.24216537498387
833.11145800260192 0.24216472067738
834.17012590329068 0.24216384826872
835.22879380397933 0.24216297586007
836.28746170466798 0.24216210345142
837.34612960535674 0.24216123104275
838.14019596152229 0.24117170152784
839.19892929285993 0.24018195391076
840.25772805484667 0.23820333108525
841.31659224748228 0.2352358330513
842.11072403429682 0.23325742832795
843.16958822693255 0.230289930294
844.22838698891928 0.22831130746849
845.28725118155489 0.22534380943454
846.3461153741905 0.2223763114006
847.14024716100505 0.22039790667725
848.19911135364077 0.21743040864329
849.25791011562751 0.21545178581779
850.31677430826312 0.21248428778384
851.11090609507767 0.21050588306049
852.16977028771339 0.20753838502655
853.228634480349 0.2045708869926
854.28743324233562 0.20259226416709
855.34629743497135 0.19962476613314
856.14042922178601 0.19764636140979
857.19929341442162 0.19467886337584
858.25815760705734 0.1917113653419
859.31689093839498 0.1907216177248
860.11095729456054 0.18973208820989
861.16969062589817 0.18874234059281
862.22835852658693 0.18874146818416
863.28702642727558 0.1887405957755
864.34569432796434 0.18873972336685
865.13969525348091 0.18873906906036
866.19836315416956 0.1887381966517
867.25703105485832 0.18873732424305
868.31569895554696 0.1887364518344
869.10969988106353 0.18873579752791
870.16836778175218 0.18873492511926
871.22703568244094 0.1887340527106
872.28576901377858 0.18774430509352
873.34456777576531 0.18576568226801
874.13863413193087 0.18477615275308
875.19749832456648 0.18180865471914
876.25629708655322 0.17983003189362
877.31516127918883 0.17686253385968
878.10935849665236 0.1738952539279
879.16822268928797 0.17092775589395
880.2270868819238 0.16796025786001
881.28595107455942 0.16499275982606
882.34481526719513 0.16202526179212
883.13894705400958 0.16004685706876
884.1978112466453 0.15707935903482
885.25667543928103 0.15411186100087
886.31547420126765 0.15213323817536
887.10960598808219 0.15015483345201
888.16840475006882 0.14817621062649
889.22720351205555 0.14619758780098
890.2858714127442 0.14619671539233
891.34453931343296 0.14619584298367
892.13860566959841 0.14520631346875
893.19727357028717 0.1452054410601
894.2559414709758 0.14520456865145
895.31460937166457 0.14520369624279
896.10861029718114 0.1452030419363
897.16727819786979 0.14520216952765
898.22588066790956 0.14619017232743
899.28448313794921 0.1471781751272
900.34315103863798 0.14717730271855
901.13708653350545 0.14816552362049
902.19575443419421 0.14816465121184
903.25442233488286 0.14816377880319
904.31309023557162 0.14816290639453
905.10709116108819 0.14816225208804
906.16582449242583 0.14717250447096
907.22462325441256 0.14519388164544
908.28342201639919 0.14321525881993
909.34222077838604 0.14123663599441
910.13635256520047 0.13925823127106
911.1951513271872 0.13727960844555
912.25395008917383 0.13530098562003
913.31281428180955 0.13233348758609
914.10688063797511 0.13134395807117
915.16567939996173 0.12936533524565
916.22454359259746 0.12639783721171
917.28334235458408 0.12441921438619
918.34214111657082 0.12244059156068
919.13620747273626 0.12145106204576
920.19507166537198 0.11848356401181
921.2538704273586 0.1165049411863
922.31266918934546 0.11452631836078
923.10673554551101 0.11353678884586
924.16553430749764 0.11155816602035
925.22433306948437 0.10957954319483
926.283131831471 0.10760092036932
927.34179973215976 0.10760004796067
928.13580065767621 0.10759939365418
929.19446855836497 0.10759852124552
930.25313645905362 0.10759764883687
931.31180435974238 0.10759677642822
932.10580528525895 0.10759612212173
933.1644731859476 0.10759524971307
934.22320651728535 0.10660550209599
935.281874417974 0.10660462968734
936.34054231866276 0.10660375727868
937.13454324417921 0.10660310297219
938.19321114486797 0.10660223056354
939.25194447620561 0.10561248294646
940.31067780754336 0.10462273532937
941.10467873305981 0.10462208102288
942.16341206439756 0.1036323334058
943.22214539573531 0.1026425857887
944.28094415772193 0.1006639629632
945.33967748905967 0.09967421534612
946.13374384522513 0.09868468583119
947.19247717656287 0.09769493821411
948.2512759385495 0.0957163153886
949.31007470053623 0.09373769256308
950.10414105670168 0.09274816304816
951.16293981868841 0.09076954022265
952.22180401132425 0.0878020421887
953.28060277331087 0.08582341936319
954.33946696594659 0.08285592132924
955.13359875276103 0.08087751660589
956.19246294539676 0.07791001857194
957.25132713803237 0.074942520538
958.3101259000191 0.07296389771248
959.10419225618455 0.07197436819756
960.16299101817128 0.06999574537205
961.22172434950892 0.06900599775497
962.28045768084666 0.06801625013788
963.33919101218441 0.0670265025208
964.13325736834986 0.06603697300588
965.19199069968761 0.06504722538879
966.25065860037625 0.06504635298014
967.309391931714 0.06405660536306
968.10339285723046 0.06405595105657
969.16212618856821 0.06306620343948
970.22079408925686 0.06306533103083
971.27946198994562 0.06306445862218
972.33819532128325 0.06207471100509
973.13219624679982 0.0620740566986
974.19086414748858 0.06207318428995
975.24953204817723 0.0620723118813
976.30819994886599 0.06207143947264
977.10220087438245 0.06207078516615
978.16086877507121 0.0620699127575
979.21960210640884 0.06108016514042
980.2782700070976 0.06107929273176
981.33700333843535 0.06008954511468
982.13100426395192 0.06008889080819
983.18973759528967 0.0590991431911
984.24847092662731 0.05810939557402
985.30713882731607 0.05810852316537
986.10120518348151 0.05711899365045
987.15987308417027 0.05711812124179
988.21860641550791 0.05612837362471
989.27733974684566 0.05513862600763
990.33607307818329 0.05414887839054
991.13007400369986 0.05414822408405
992.18880733503761 0.05315847646697
993.24754066637524 0.05216872884988
994.30627399771299 0.0511789812328
995.10034035387844 0.05018945171788
996.15907368521619 0.0491997041008
997.21780701655382 0.04820995648371
998.27654034789157 0.04722020886663
999.33540454052718 0.04425271083268
