27.61
28.69
29.8
30.98
32.13
33.32
34.52
35.73
36.61
37.33
37.99
38.51
39.0
39.39
39.7
40.32
41.09
41.93
42.7
43.47
44.36
45.22
46.15
47.05
48.03
48.99
50.07
51.13
52.23
53.41
54.59
55.89
57.23
58.62
60.06
61.39
62.78
63.51
64.26
64.88
65.07
64.12
62.75
61.08
59.29
57.44
55.47
53.34
50.84
47.95
44.65
17.81
18.49
19.16
19.86
20.55
21.28
22.02
22.72
23.46
24.24
24.99
25.81
26.59
27.39
28.22
29.08
29.93
30.79
31.66
32.58
33.43
34.37
35.27
36.01
36.59
37.12
37.56
37.98
38.27
38.63
38.84
39.01
39.09
39.3
39.64
40.02
40.48
41.0
41.56
42.16
42.81
43.45
44.14
44.81
45.46
46.17
46.85
47.57
48.32
49.1
49.92
50.78
51.61
52.55
53.47
54.4
55.34
56.27
57.17
58.1
58.93
59.68
60.35
60.95
61.54
62.11
62.58
62.64
62.05
61.13
59.95
58.62
57.27
55.88
54.48
52.98
51.3
49.37
47.18
44.73
42.08